seq_name	chromosome_score	plasmid_score	virus_score
RRXM01000001.1	0.8900	0.0548	0.0552
RRXM01000002.1	0.5502	0.1647	0.2851
RRXM01000003.1	0.2166	0.0708	0.7126
RRXM01000004.1	0.0006	0.9992	0.0002
RRXM01000005.1	0.7512	0.0914	0.1574
RRXM01000006.1	0.6989	0.0689	0.2322
RRXM01000007.1	0.9942	0.0045	0.0014
RRXM01000008.1	0.3132	0.4213	0.2655
RRXM01000009.1	0.3161	0.1526	0.5313
RRXM01000010.1	0.4075	0.2278	0.3647
RRXM01000011.1	0.4868	0.1568	0.3563
RRXM01000012.1	0.7101	0.0450	0.2450
RRXM01000013.1	0.4610	0.1343	0.4047
RRXM01000014.1	0.0007	0.0020	0.9974
RRXM01000015.1	0.6596	0.3291	0.0113
RRXM01000016.1	0.3331	0.6602	0.0067
RRXM01000017.1	0.2553	0.6561	0.0886
RRXM01000018.1	0.9343	0.0450	0.0208
RRXM01000019.1	0.9443	0.0519	0.0038
RRXM01000020.1	0.9407	0.0553	0.0041
RRXM01000021.1	0.8492	0.1407	0.0101
RRXM01000022.1	0.9691	0.0278	0.0031
RRXM01000023.1	0.9765	0.0215	0.0020
RRXM01000024.1	0.7783	0.0557	0.1660
RRXM01000025.1	0.8814	0.1124	0.0062
RRXM01000026.1	0.9892	0.0092	0.0016
RRXM01000027.1	0.9778	0.0204	0.0018
RRXM01000028.1	0.9261	0.0695	0.0044
RRXM01000029.1	0.8474	0.1444	0.0082
RRXM01000030.1	0.8738	0.1181	0.0081
RRXM01000031.1	0.8671	0.1244	0.0085
RRXM01000032.1	0.9598	0.0375	0.0028
RRXM01000033.1	0.9266	0.0650	0.0083
RRXM01000034.1	0.9259	0.0684	0.0057
RRXM01000035.1	0.9863	0.0121	0.0016
RRXM01000036.1	0.9808	0.0176	0.0016
RRXM01000037.1	0.8762	0.1139	0.0099
RRXM01000038.1	0.1022	0.0607	0.8371
RRXM01000039.1	0.9942	0.0050	0.0008
RRXM01000040.1	0.9387	0.0576	0.0037
RRXM01000041.1	0.9598	0.0373	0.0029
RRXM01000042.1	0.9865	0.0123	0.0012
RRXM01000043.1	0.0001	0.9996	0.0003
RRXM01000044.1	0.9480	0.0482	0.0038
RRXM01000045.1	0.0001	0.9998	0.0001
RRXM01000046.1	0.9549	0.0416	0.0034
RRXM01000047.1	0.0025	0.9972	0.0003
RRXM01000048.1	0.9157	0.0792	0.0051
RRXM01000049.1	0.2261	0.7679	0.0060
RRXM01000050.1	0.9640	0.0335	0.0025
RRXM01000051.1	0.9951	0.0043	0.0006
RRXM01000052.1	0.9842	0.0144	0.0014
RRXM01000053.1	0.9546	0.0415	0.0039
RRXM01000054.1	0.0004	0.0005	0.9991
RRXM01000055.1	0.8756	0.1178	0.0067
RRXM01000056.1	0.9379	0.0575	0.0046
RRXM01000057.1	0.9267	0.0686	0.0047
RRXM01000058.1	0.9759	0.0220	0.0021
RRXM01000059.1	0.1777	0.5528	0.2695
RRXM01000060.1	0.0753	0.9130	0.0117
RRXM01000061.1	0.1452	0.8498	0.0050
RRXM01000062.1	0.9570	0.0398	0.0032
RRXM01000063.1	0.9117	0.0818	0.0065
RRXM01000064.1	0.9772	0.0210	0.0017
RRXM01000065.1	0.1201	0.8433	0.0366
RRXM01000066.1	0.0015	0.0006	0.9978
RRXM01000067.1	0.9505	0.0460	0.0035
RRXM01000068.1	0.3244	0.0593	0.6163
RRXM01000069.1	0.6594	0.3322	0.0084
RRXM01000070.1	0.9639	0.0333	0.0028
RRXM01000071.1	0.0170	0.9822	0.0008
RRXM01000072.1	0.0001	0.9999	0.0000
RRXM01000073.1	0.9758	0.0217	0.0025
RRXM01000074.1	0.9450	0.0513	0.0037
RRXM01000075.1	0.9666	0.0292	0.0042
RRXM01000076.1	0.9675	0.0299	0.0026
RRXM01000077.1	0.9803	0.0170	0.0027
RRXM01000078.1	0.9583	0.0386	0.0030
RRXM01000079.1	0.0663	0.9159	0.0178
RRXM01000080.1	0.9600	0.0371	0.0029
RRXM01000081.1	0.9546	0.0430	0.0024
RRXM01000082.1	0.9878	0.0109	0.0012
RRXM01000083.1	0.1989	0.7934	0.0077
RRXM01000084.1	0.0002	0.9988	0.0010
RRXM01000085.1	0.9318	0.0643	0.0039
RRXM01000086.1	0.9853	0.0134	0.0013
RRXM01000087.1	0.0001	0.9997	0.0002
RRXM01000088.1	0.2106	0.7791	0.0103
RRXM01000089.1	0.9922	0.0064	0.0015
RRXM01000090.1	0.0000	0.9999	0.0001
RRXM01000091.1	0.6645	0.3230	0.0125
RRXM01000092.1	0.7661	0.0864	0.1475
RRXM01000093.1	0.9784	0.0196	0.0020
RRXM01000094.1	0.0001	0.0005	0.9993
RRXM01000095.1	0.4278	0.5683	0.0040
RRXM01000096.1	0.9585	0.0371	0.0044
RRXM01000097.1	0.0001	0.9998	0.0001
RRXM01000098.1	0.4761	0.5059	0.0180
RRXM01000099.1	0.8979	0.0973	0.0047
RRXM01000100.1	0.4613	0.4618	0.0769
RRXM01000101.1	0.7815	0.2109	0.0076
RRXM01000102.1	0.0001	0.9998	0.0001
RRXM01000103.1	0.0012	0.0008	0.9980
RRXM01000104.1	0.9815	0.0170	0.0016
RRXM01000105.1	0.4926	0.3962	0.1112
RRXM01000106.1	0.0626	0.9348	0.0025
RRXM01000107.1	0.0000	1.0000	0.0000
RRXM01000108.1	0.1513	0.2705	0.5782
RRXM01000109.1	0.0249	0.9696	0.0055
RRXM01000110.1	0.0015	0.9935	0.0050
RRXM01000111.1	0.4292	0.5558	0.0150
RRXM01000112.1	0.8222	0.1705	0.0073
RRXM01000113.1	0.9937	0.0056	0.0007
RRXM01000114.1	0.0000	1.0000	0.0000
RRXM01000115.1	0.0001	0.9997	0.0001
RRXM01000116.1	0.9197	0.0306	0.0498
RRXM01000117.1	0.6646	0.3291	0.0063
RRXM01000118.1	0.0005	0.0013	0.9981
RRXM01000119.1	0.0386	0.9490	0.0123
RRXM01000120.1	0.9598	0.0397	0.0005
RRXM01000121.1	0.0000	0.0001	0.9998
RRXM01000122.1	0.9176	0.0774	0.0050
RRXM01000123.1	0.9113	0.0824	0.0062
RRXM01000124.1	0.9768	0.0213	0.0018
RRXM01000125.1	0.0000	0.9999	0.0000
RRXM01000126.1	0.3200	0.0071	0.6729
RRXM01000127.1	0.0014	0.9981	0.0005
RRXM01000128.1	0.5068	0.3734	0.1199
RRXM01000129.1	0.3513	0.6306	0.0181
RRXM01000130.1	0.0101	0.0966	0.8933
RRXM01000131.1	0.6902	0.2966	0.0131
RRXM01000132.1	0.0000	1.0000	0.0000
RRXM01000133.1	0.7659	0.2017	0.0324
RRXM01000134.1	0.0016	0.0007	0.9977
