seq_name	chromosome_score	plasmid_score	virus_score
JAYIWW010000001.1	0.9770	0.0207	0.0023
JAYIWW010000002.1	0.9440	0.0523	0.0037
JAYIWW010000003.1	0.9497	0.0468	0.0035
JAYIWW010000004.1	0.9363	0.0590	0.0046
JAYIWW010000005.1	0.9812	0.0166	0.0021
JAYIWW010000006.1	0.9514	0.0448	0.0038
JAYIWW010000007.1	0.9357	0.0595	0.0048
JAYIWW010000008.1	0.9493	0.0471	0.0037
JAYIWW010000009.1	0.9432	0.0531	0.0038
JAYIWW010000010.1	0.9440	0.0519	0.0041
JAYIWW010000011.1	0.9670	0.0304	0.0026
JAYIWW010000012.1	0.9544	0.0418	0.0037
JAYIWW010000013.1	0.9285	0.0669	0.0046
JAYIWW010000014.1	0.9802	0.0181	0.0017
JAYIWW010000015.1	0.9673	0.0302	0.0025
JAYIWW010000016.1	0.9255	0.0700	0.0046
JAYIWW010000017.1	0.9491	0.0470	0.0040
JAYIWW010000018.1	0.9269	0.0685	0.0045
JAYIWW010000019.1	0.9643	0.0327	0.0030
JAYIWW010000020.1	0.9172	0.0777	0.0052
JAYIWW010000021.1	0.0003	0.9996	0.0001
JAYIWW010000022.1	0.9772	0.0205	0.0023
JAYIWW010000023.1	0.7888	0.1999	0.0113
JAYIWW010000024.1	0.9706	0.0269	0.0025
JAYIWW010000025.1	0.9512	0.0457	0.0031
JAYIWW010000026.1	0.9954	0.0040	0.0006
JAYIWW010000027.1	0.9646	0.0327	0.0027
JAYIWW010000028.1	0.9671	0.0305	0.0024
JAYIWW010000029.1	0.9621	0.0343	0.0036
JAYIWW010000030.1	0.9860	0.0128	0.0012
JAYIWW010000031.1	0.9863	0.0124	0.0012
JAYIWW010000032.1	0.9298	0.0657	0.0044
JAYIWW010000033.1	0.9593	0.0375	0.0032
JAYIWW010000034.1	0.9506	0.0451	0.0043
JAYIWW010000035.1	0.9503	0.0462	0.0034
JAYIWW010000036.1	0.9309	0.0637	0.0053
JAYIWW010000037.1	0.9656	0.0315	0.0029
JAYIWW010000038.1	0.0000	1.0000	0.0000
JAYIWW010000039.1	0.0001	0.9999	0.0001
JAYIWW010000040.1	0.9893	0.0096	0.0011
JAYIWW010000041.1	0.9650	0.0321	0.0029
JAYIWW010000042.1	0.0009	0.9989	0.0002
JAYIWW010000043.1	0.9918	0.0073	0.0010
JAYIWW010000044.1	0.8718	0.1216	0.0066
JAYIWW010000045.1	0.0003	0.9996	0.0001
JAYIWW010000046.1	0.8997	0.0927	0.0076
JAYIWW010000047.1	0.9575	0.0402	0.0024
JAYIWW010000048.1	0.1801	0.8169	0.0029
JAYIWW010000049.1	0.9697	0.0278	0.0025
JAYIWW010000050.1	0.9880	0.0109	0.0011
JAYIWW010000051.1	0.4071	0.5853	0.0076
JAYIWW010000052.1	0.2265	0.7699	0.0036
JAYIWW010000053.1	0.9932	0.0061	0.0007
JAYIWW010000054.1	0.9678	0.0293	0.0028
JAYIWW010000055.1	0.8927	0.1009	0.0064
JAYIWW010000056.1	0.8736	0.1137	0.0127
JAYIWW010000057.1	0.9265	0.0693	0.0041
JAYIWW010000058.1	0.9957	0.0039	0.0004
JAYIWW010000059.1	0.9508	0.0463	0.0029
JAYIWW010000060.1	0.8879	0.0446	0.0675
JAYIWW010000061.1	0.7786	0.2153	0.0060
JAYIWW010000062.1	0.0008	0.9991	0.0001
JAYIWW010000063.1	0.9295	0.0668	0.0037
JAYIWW010000064.1	0.9942	0.0052	0.0006
JAYIWW010000065.1	0.9573	0.0395	0.0032
JAYIWW010000066.1	0.0001	0.9998	0.0001
JAYIWW010000067.1	0.9694	0.0275	0.0031
JAYIWW010000068.1	0.8857	0.1056	0.0087
JAYIWW010000069.1	0.0040	0.9945	0.0015
JAYIWW010000070.1	0.9905	0.0084	0.0010
JAYIWW010000071.1	0.9704	0.0271	0.0025
JAYIWW010000072.1	0.9655	0.0324	0.0021
JAYIWW010000073.1	0.2798	0.7144	0.0059
JAYIWW010000074.1	0.9964	0.0032	0.0004
JAYIWW010000075.1	0.8867	0.1065	0.0068
JAYIWW010000076.1	0.0759	0.9153	0.0088
JAYIWW010000077.1	0.0000	0.9999	0.0001
JAYIWW010000078.1	0.0002	0.9997	0.0000
JAYIWW010000079.1	0.9200	0.0762	0.0037
JAYIWW010000080.1	0.9855	0.0136	0.0009
JAYIWW010000081.1	0.1692	0.8148	0.0160
JAYIWW010000082.1	0.7549	0.2380	0.0071
JAYIWW010000083.1	0.0520	0.9407	0.0073
JAYIWW010000084.1	0.9579	0.0379	0.0042
JAYIWW010000085.1	0.9936	0.0057	0.0006
JAYIWW010000086.1	0.0000	1.0000	0.0000
JAYIWW010000087.1	0.8903	0.1045	0.0053
JAYIWW010000088.1	0.0000	1.0000	0.0000
JAYIWW010000089.1	0.0006	0.0551	0.9443
JAYIWW010000090.1	0.0716	0.9241	0.0043
JAYIWW010000091.1	0.8502	0.1434	0.0064
JAYIWW010000092.1	0.9381	0.0614	0.0006
JAYIWW010000093.1	0.1168	0.8780	0.0052
JAYIWW010000094.1	0.9981	0.0016	0.0002
JAYIWW010000095.1	0.0002	0.9990	0.0008
JAYIWW010000096.1	0.0034	0.9764	0.0202
JAYIWW010000097.1	0.9878	0.0106	0.0016
JAYIWW010000098.1	0.9679	0.0265	0.0056
JAYIWW010000099.1	0.0000	0.9999	0.0000
JAYIWW010000100.1	0.7859	0.0916	0.1226
JAYIWW010000101.1	0.7932	0.1652	0.0416
JAYIWW010000102.1	0.0006	0.9994	0.0001
JAYIWW010000103.1	0.9957	0.0035	0.0008
JAYIWW010000104.1	0.2249	0.7502	0.0250
JAYIWW010000105.1	0.2341	0.5413	0.2246
JAYIWW010000106.1	0.7338	0.1020	0.1642
JAYIWW010000107.1	0.0374	0.8553	0.1072
JAYIWW010000108.1	0.5843	0.1417	0.2740
JAYIWW010000109.1	0.5150	0.2810	0.2040
JAYIWW010000110.1	0.3031	0.3328	0.3641
JAYIWW010000111.1	0.2645	0.1901	0.5454
JAYIWW010000112.1	0.7199	0.0687	0.2114
JAYIWW010000113.1	0.6989	0.0598	0.2413
JAYIWW010000114.1	0.6960	0.1394	0.1646
JAYIWW010000115.1	0.0002	0.9998	0.0000
