seq_name	chromosome_score	plasmid_score	virus_score
JAUIOR010000100.1	0.2255	0.6218	0.1527
JAUIOR010000101.1	0.2856	0.6968	0.0176
JAUIOR010000102.1	0.2606	0.6855	0.0539
JAUIOR010000103.1	0.5482	0.4225	0.0293
JAUIOR010000104.1	0.5219	0.3793	0.0988
JAUIOR010000105.1	0.7698	0.2097	0.0205
JAUIOR010000106.1	0.1172	0.7550	0.1277
JAUIOR010000107.1	0.5183	0.4636	0.0180
JAUIOR010000108.1	0.2843	0.5616	0.1540
JAUIOR010000109.1	0.0392	0.0529	0.9080
JAUIOR010000010.1	0.4282	0.5176	0.0542
JAUIOR010000110.1	0.4874	0.3741	0.1385
JAUIOR010000111.1	0.6148	0.2643	0.1209
JAUIOR010000112.1	0.6500	0.3375	0.0124
JAUIOR010000113.1	0.2413	0.5192	0.2394
JAUIOR010000114.1	0.6011	0.2363	0.1626
JAUIOR010000115.1	0.7240	0.1938	0.0822
JAUIOR010000116.1	0.2134	0.0622	0.7244
JAUIOR010000117.1	0.3159	0.1624	0.5218
JAUIOR010000118.1	0.3677	0.4590	0.1733
JAUIOR010000119.1	0.6595	0.2402	0.1003
JAUIOR010000011.1	0.4677	0.5040	0.0283
JAUIOR010000120.1	0.3212	0.4580	0.2208
JAUIOR010000121.1	0.4493	0.2986	0.2521
JAUIOR010000122.1	0.0895	0.1903	0.7201
JAUIOR010000123.1	0.1703	0.2984	0.5313
JAUIOR010000124.1	0.2200	0.3989	0.3811
JAUIOR010000125.1	0.2827	0.1156	0.6017
JAUIOR010000126.1	0.4931	0.2011	0.3058
JAUIOR010000127.1	0.3223	0.2543	0.4234
JAUIOR010000128.1	0.2578	0.1397	0.6025
JAUIOR010000129.1	0.7433	0.1518	0.1049
JAUIOR010000012.1	0.4496	0.5343	0.0161
JAUIOR010000130.1	0.4412	0.2355	0.3232
JAUIOR010000131.1	0.3707	0.3482	0.2811
JAUIOR010000132.1	0.4750	0.1991	0.3259
JAUIOR010000133.1	0.2564	0.1571	0.5865
JAUIOR010000013.1	0.4053	0.5809	0.0138
JAUIOR010000014.1	0.5008	0.4859	0.0133
JAUIOR010000015.1	0.4406	0.5039	0.0555
JAUIOR010000016.1	0.3699	0.6163	0.0138
JAUIOR010000017.1	0.4589	0.5269	0.0142
JAUIOR010000018.1	0.5812	0.4089	0.0099
JAUIOR010000019.1	0.4604	0.5044	0.0352
JAUIOR010000001.1	0.4245	0.5359	0.0395
JAUIOR010000020.1	0.5487	0.3661	0.0852
JAUIOR010000021.1	0.3279	0.6190	0.0531
JAUIOR010000022.1	0.5102	0.4674	0.0224
JAUIOR010000023.1	0.4574	0.5175	0.0251
JAUIOR010000024.1	0.4598	0.5067	0.0335
JAUIOR010000025.1	0.5326	0.4547	0.0127
JAUIOR010000026.1	0.3547	0.6094	0.0359
JAUIOR010000027.1	0.4514	0.5141	0.0345
JAUIOR010000028.1	0.4225	0.5596	0.0178
JAUIOR010000029.1	0.5046	0.4813	0.0142
JAUIOR010000002.1	0.4418	0.5437	0.0145
JAUIOR010000030.1	0.5798	0.3274	0.0927
JAUIOR010000031.1	0.4841	0.4821	0.0339
JAUIOR010000032.1	0.5273	0.4657	0.0070
JAUIOR010000033.1	0.4789	0.4437	0.0773
JAUIOR010000034.1	0.3637	0.6272	0.0091
JAUIOR010000035.1	0.5205	0.4590	0.0206
JAUIOR010000036.1	0.3951	0.5666	0.0383
JAUIOR010000037.1	0.6603	0.3342	0.0055
JAUIOR010000038.1	0.4099	0.5657	0.0244
JAUIOR010000039.1	0.3931	0.5115	0.0954
JAUIOR010000003.1	0.4574	0.5164	0.0262
JAUIOR010000040.1	0.4245	0.5639	0.0117
JAUIOR010000041.1	0.4493	0.5300	0.0208
JAUIOR010000042.1	0.4914	0.5006	0.0081
JAUIOR010000043.1	0.4785	0.4632	0.0583
JAUIOR010000044.1	0.4210	0.5594	0.0196
JAUIOR010000045.1	0.4597	0.5127	0.0276
JAUIOR010000046.1	0.4191	0.5602	0.0207
JAUIOR010000047.1	0.4445	0.4924	0.0631
JAUIOR010000048.1	0.4337	0.5245	0.0418
JAUIOR010000049.1	0.5638	0.4287	0.0076
JAUIOR010000004.1	0.4845	0.4972	0.0183
JAUIOR010000050.1	0.3910	0.5861	0.0229
JAUIOR010000051.1	0.4072	0.5725	0.0203
JAUIOR010000052.1	0.3953	0.5971	0.0077
JAUIOR010000053.1	0.4344	0.5391	0.0265
JAUIOR010000054.1	0.4599	0.5322	0.0078
JAUIOR010000055.1	0.4920	0.4895	0.0185
JAUIOR010000056.1	0.4943	0.4927	0.0130
JAUIOR010000057.1	0.4991	0.3788	0.1221
JAUIOR010000058.1	0.3571	0.5922	0.0507
JAUIOR010000059.1	0.4086	0.5691	0.0222
JAUIOR010000005.1	0.5490	0.4326	0.0184
JAUIOR010000060.1	0.4759	0.5124	0.0117
JAUIOR010000061.1	0.3934	0.4814	0.1252
JAUIOR010000062.1	0.2572	0.5293	0.2135
JAUIOR010000063.1	0.3349	0.6616	0.0036
JAUIOR010000064.1	0.4629	0.5190	0.0181
JAUIOR010000065.1	0.6856	0.2787	0.0357
JAUIOR010000066.1	0.2794	0.7010	0.0196
JAUIOR010000067.1	0.2155	0.7440	0.0405
JAUIOR010000068.1	0.7076	0.0793	0.2132
JAUIOR010000069.1	0.4673	0.5040	0.0287
JAUIOR010000006.1	0.5324	0.4330	0.0345
JAUIOR010000070.1	0.4256	0.5615	0.0128
JAUIOR010000071.1	0.1741	0.6575	0.1683
JAUIOR010000072.1	0.4028	0.5890	0.0081
JAUIOR010000073.1	0.4720	0.5246	0.0034
JAUIOR010000074.1	0.4083	0.5899	0.0018
JAUIOR010000075.1	0.5530	0.3603	0.0868
JAUIOR010000076.1	0.4651	0.5269	0.0080
JAUIOR010000077.1	0.2181	0.7130	0.0689
JAUIOR010000078.1	0.0813	0.6708	0.2479
JAUIOR010000079.1	0.5856	0.3599	0.0545
JAUIOR010000007.1	0.5219	0.4584	0.0197
JAUIOR010000080.1	0.1013	0.8701	0.0286
JAUIOR010000081.1	0.1810	0.8174	0.0017
JAUIOR010000082.1	0.8783	0.1204	0.0013
JAUIOR010000083.1	0.5701	0.4260	0.0038
JAUIOR010000084.1	0.0832	0.9052	0.0116
JAUIOR010000085.1	0.3719	0.6277	0.0004
JAUIOR010000086.1	0.2040	0.6354	0.1606
JAUIOR010000087.1	0.5819	0.4052	0.0128
JAUIOR010000088.1	0.0555	0.8631	0.0814
JAUIOR010000089.1	0.3349	0.6414	0.0238
JAUIOR010000008.1	0.4367	0.5539	0.0094
JAUIOR010000090.1	0.7029	0.2537	0.0434
JAUIOR010000091.1	0.7610	0.2335	0.0055
JAUIOR010000092.1	0.3282	0.5890	0.0828
JAUIOR010000093.1	0.7865	0.1042	0.1093
JAUIOR010000094.1	0.0697	0.8140	0.1163
JAUIOR010000095.1	0.0101	0.9185	0.0714
JAUIOR010000096.1	0.3276	0.6369	0.0355
JAUIOR010000097.1	0.0480	0.8088	0.1432
JAUIOR010000098.1	0.3697	0.5789	0.0514
JAUIOR010000099.1	0.6470	0.1865	0.1665
JAUIOR010000009.1	0.4204	0.5462	0.0334
