seq_name	chromosome_score	plasmid_score	virus_score
JAYIQM010000001.1	0.4004	0.5816	0.0180
JAYIQM010000002.1	0.4317	0.5502	0.0181
JAYIQM010000003.1	0.4654	0.5208	0.0137
JAYIQM010000004.1	0.4907	0.4821	0.0271
JAYIQM010000005.1	0.4615	0.4934	0.0451
JAYIQM010000006.1	0.4094	0.5521	0.0385
JAYIQM010000007.1	0.4720	0.5157	0.0123
JAYIQM010000008.1	0.4270	0.5516	0.0214
JAYIQM010000009.1	0.4191	0.5227	0.0582
JAYIQM010000010.1	0.5089	0.4286	0.0625
JAYIQM010000011.1	0.4170	0.5643	0.0187
JAYIQM010000012.1	0.4973	0.4841	0.0186
JAYIQM010000013.1	0.5063	0.4697	0.0240
JAYIQM010000014.1	0.5405	0.4431	0.0164
JAYIQM010000015.1	0.4183	0.5711	0.0106
JAYIQM010000016.1	0.4158	0.5621	0.0222
JAYIQM010000017.1	0.4826	0.5062	0.0113
JAYIQM010000018.1	0.5282	0.4512	0.0206
JAYIQM010000019.1	0.4839	0.5023	0.0138
JAYIQM010000020.1	0.4051	0.5678	0.0271
JAYIQM010000021.1	0.3223	0.6277	0.0500
JAYIQM010000022.1	0.4355	0.5418	0.0227
JAYIQM010000023.1	0.4138	0.5428	0.0435
JAYIQM010000024.1	0.4685	0.5205	0.0110
JAYIQM010000025.1	0.4513	0.5311	0.0176
JAYIQM010000026.1	0.5520	0.4408	0.0072
JAYIQM010000027.1	0.4378	0.5214	0.0408
JAYIQM010000028.1	0.5474	0.4490	0.0036
JAYIQM010000029.1	0.5079	0.4736	0.0185
JAYIQM010000030.1	0.6075	0.3083	0.0842
JAYIQM010000031.1	0.4554	0.5172	0.0274
JAYIQM010000032.1	0.4213	0.5622	0.0164
JAYIQM010000033.1	0.5325	0.4420	0.0255
JAYIQM010000034.1	0.4194	0.5620	0.0186
JAYIQM010000035.1	0.3879	0.5912	0.0209
JAYIQM010000036.1	0.3822	0.4809	0.1369
JAYIQM010000037.1	0.4272	0.5386	0.0342
JAYIQM010000038.1	0.3553	0.5819	0.0628
JAYIQM010000039.1	0.4318	0.5316	0.0366
JAYIQM010000040.1	0.4692	0.4783	0.0525
JAYIQM010000041.1	0.4796	0.4854	0.0350
JAYIQM010000042.1	0.4471	0.5264	0.0265
JAYIQM010000043.1	0.4039	0.5611	0.0349
JAYIQM010000044.1	0.5744	0.4214	0.0043
JAYIQM010000045.1	0.6044	0.3886	0.0070
JAYIQM010000046.1	0.3364	0.5808	0.0828
JAYIQM010000047.1	0.4459	0.5188	0.0353
JAYIQM010000048.1	0.5289	0.4555	0.0156
JAYIQM010000049.1	0.5138	0.4798	0.0064
JAYIQM010000050.1	0.4462	0.5291	0.0247
JAYIQM010000051.1	0.3820	0.5745	0.0435
JAYIQM010000052.1	0.3535	0.5482	0.0983
JAYIQM010000053.1	0.4906	0.4730	0.0364
JAYIQM010000054.1	0.4208	0.5605	0.0187
JAYIQM010000055.1	0.4022	0.4133	0.1846
JAYIQM010000056.1	0.4555	0.5381	0.0064
JAYIQM010000057.1	0.4041	0.5872	0.0087
JAYIQM010000058.1	0.4530	0.4968	0.0502
JAYIQM010000059.1	0.3337	0.5277	0.1386
JAYIQM010000060.1	0.3148	0.3618	0.3234
JAYIQM010000061.1	0.3044	0.6809	0.0147
JAYIQM010000062.1	0.1954	0.6971	0.1075
JAYIQM010000063.1	0.3756	0.5630	0.0614
JAYIQM010000064.1	0.1904	0.5778	0.2318
JAYIQM010000065.1	0.6744	0.1478	0.1778
JAYIQM010000066.1	0.5699	0.4255	0.0046
JAYIQM010000067.1	0.4540	0.4817	0.0643
JAYIQM010000068.1	0.3925	0.5962	0.0114
JAYIQM010000069.1	0.1249	0.7928	0.0823
JAYIQM010000070.1	0.4232	0.5684	0.0084
JAYIQM010000071.1	0.5145	0.4386	0.0469
JAYIQM010000072.1	0.3919	0.5821	0.0260
JAYIQM010000073.1	0.4189	0.5234	0.0577
JAYIQM010000074.1	0.7118	0.2704	0.0178
JAYIQM010000075.1	0.2231	0.6547	0.1223
JAYIQM010000076.1	0.5259	0.4535	0.0206
JAYIQM010000077.1	0.1032	0.7542	0.1427
JAYIQM010000078.1	0.3867	0.6096	0.0037
JAYIQM010000079.1	0.3702	0.6062	0.0236
JAYIQM010000080.1	0.0989	0.8543	0.0468
JAYIQM010000081.1	0.2849	0.7013	0.0138
JAYIQM010000082.1	0.5858	0.4118	0.0024
JAYIQM010000083.1	0.0492	0.5129	0.4379
JAYIQM010000084.1	0.0789	0.8232	0.0979
JAYIQM010000085.1	0.4592	0.5008	0.0400
JAYIQM010000086.1	0.1020	0.1202	0.7778
JAYIQM010000087.1	0.0036	0.9418	0.0546
JAYIQM010000088.1	0.2865	0.7024	0.0111
JAYIQM010000089.1	0.1294	0.8380	0.0326
JAYIQM010000090.1	0.1733	0.6405	0.1862
JAYIQM010000091.1	0.4963	0.4480	0.0557
JAYIQM010000092.1	0.1231	0.5137	0.3632
JAYIQM010000093.1	0.8439	0.1208	0.0353
JAYIQM010000094.1	0.3091	0.5803	0.1106
JAYIQM010000095.1	0.8771	0.0811	0.0419
JAYIQM010000096.1	0.5484	0.4475	0.0041
JAYIQM010000097.1	0.5268	0.3326	0.1406
JAYIQM010000098.1	0.4602	0.3536	0.1862
JAYIQM010000099.1	0.3665	0.5559	0.0776
JAYIQM010000100.1	0.4193	0.4481	0.1325
JAYIQM010000101.1	0.1815	0.6284	0.1901
JAYIQM010000102.1	0.2883	0.4658	0.2459
JAYIQM010000103.1	0.3727	0.3287	0.2986
JAYIQM010000104.1	0.4932	0.4557	0.0511
JAYIQM010000105.1	0.0956	0.2953	0.6091
JAYIQM010000106.1	0.2699	0.6644	0.0657
JAYIQM010000107.1	0.3598	0.4691	0.1711
JAYIQM010000108.1	0.4129	0.4981	0.0890
JAYIQM010000109.1	0.3263	0.6360	0.0377
JAYIQM010000110.1	0.4812	0.3405	0.1783
JAYIQM010000111.1	0.2446	0.3142	0.4412
JAYIQM010000112.1	0.0919	0.1294	0.7787
JAYIQM010000113.1	0.2425	0.1818	0.5757
JAYIQM010000114.1	0.4375	0.4106	0.1519
JAYIQM010000115.1	0.4074	0.2848	0.3077
JAYIQM010000116.1	0.3023	0.3545	0.3432
JAYIQM010000117.1	0.4424	0.1495	0.4081
JAYIQM010000118.1	0.2726	0.2456	0.4818
JAYIQM010000119.1	0.3833	0.2523	0.3644
JAYIQM010000120.1	0.0825	0.1192	0.7983
JAYIQM010000121.1	0.2375	0.2069	0.5556
JAYIQM010000122.1	0.6262	0.2369	0.1369
JAYIQM010000123.1	0.1410	0.2124	0.6466
