seq_name	chromosome_score	plasmid_score	virus_score
JAYIOO010000001.1	0.9424	0.0537	0.0039
JAYIOO010000002.1	0.9788	0.0194	0.0018
JAYIOO010000003.1	0.9568	0.0400	0.0033
JAYIOO010000004.1	0.9591	0.0378	0.0031
JAYIOO010000005.1	0.9298	0.0656	0.0046
JAYIOO010000006.1	0.9046	0.0891	0.0063
JAYIOO010000007.1	0.9356	0.0600	0.0044
JAYIOO010000008.1	0.9559	0.0408	0.0033
JAYIOO010000009.1	0.9410	0.0537	0.0053
JAYIOO010000010.1	0.9514	0.0449	0.0038
JAYIOO010000011.1	0.9437	0.0520	0.0043
JAYIOO010000012.1	0.9430	0.0528	0.0043
JAYIOO010000013.1	0.9691	0.0286	0.0024
JAYIOO010000014.1	0.9650	0.0319	0.0030
JAYIOO010000015.1	0.9552	0.0412	0.0036
JAYIOO010000016.1	0.9381	0.0575	0.0044
JAYIOO010000017.1	0.9731	0.0246	0.0023
JAYIOO010000018.1	0.9573	0.0398	0.0029
JAYIOO010000019.1	0.8695	0.1231	0.0075
JAYIOO010000020.1	0.9839	0.0144	0.0016
JAYIOO010000021.1	0.9725	0.0252	0.0023
JAYIOO010000022.1	0.9623	0.0347	0.0029
JAYIOO010000023.1	0.9051	0.0890	0.0059
JAYIOO010000024.1	0.9542	0.0424	0.0033
JAYIOO010000025.1	0.9741	0.0239	0.0019
JAYIOO010000026.1	0.9892	0.0095	0.0013
JAYIOO010000027.1	0.9931	0.0060	0.0009
JAYIOO010000028.1	0.1829	0.8127	0.0044
JAYIOO010000029.1	0.9736	0.0243	0.0021
JAYIOO010000030.1	0.9760	0.0215	0.0025
JAYIOO010000031.1	0.8983	0.0948	0.0069
JAYIOO010000032.1	0.0002	0.9997	0.0001
JAYIOO010000033.1	0.0008	0.9990	0.0002
JAYIOO010000034.1	0.8688	0.1239	0.0073
JAYIOO010000035.1	0.9182	0.0774	0.0044
JAYIOO010000036.1	0.9841	0.0142	0.0018
JAYIOO010000037.1	0.0006	0.9993	0.0001
JAYIOO010000038.1	0.9545	0.0410	0.0045
JAYIOO010000039.1	0.5205	0.4717	0.0077
JAYIOO010000040.1	0.9657	0.0316	0.0028
JAYIOO010000041.1	0.9529	0.0432	0.0038
JAYIOO010000042.1	0.0002	0.9998	0.0001
JAYIOO010000043.1	0.9717	0.0253	0.0030
JAYIOO010000044.1	0.9663	0.0309	0.0028
JAYIOO010000045.1	0.8603	0.1324	0.0073
JAYIOO010000046.1	0.8616	0.1329	0.0055
JAYIOO010000047.1	0.9667	0.0312	0.0022
JAYIOO010000048.1	0.9503	0.0459	0.0038
JAYIOO010000049.1	0.9304	0.0640	0.0057
JAYIOO010000050.1	0.0021	0.9976	0.0003
JAYIOO010000051.1	0.9817	0.0170	0.0013
JAYIOO010000052.1	0.6354	0.3576	0.0070
JAYIOO010000053.1	0.2030	0.7856	0.0115
JAYIOO010000054.1	0.9227	0.0735	0.0038
JAYIOO010000055.1	0.9980	0.0015	0.0005
JAYIOO010000056.1	0.9519	0.0448	0.0032
JAYIOO010000057.1	0.2622	0.7311	0.0067
JAYIOO010000058.1	0.9965	0.0031	0.0004
JAYIOO010000059.1	0.6102	0.3858	0.0040
JAYIOO010000060.1	0.0000	1.0000	0.0000
JAYIOO010000061.1	0.0455	0.9477	0.0068
JAYIOO010000062.1	0.1650	0.8302	0.0048
JAYIOO010000063.1	0.0747	0.9207	0.0047
JAYIOO010000064.1	0.9541	0.0437	0.0022
JAYIOO010000065.1	0.0001	0.9999	0.0001
JAYIOO010000066.1	0.9305	0.0533	0.0162
JAYIOO010000067.1	0.4155	0.2824	0.3021
JAYIOO010000068.1	0.0057	0.9922	0.0021
JAYIOO010000069.1	0.2106	0.7134	0.0760
JAYIOO010000070.1	0.9212	0.0779	0.0008
JAYIOO010000071.1	0.8722	0.1213	0.0065
JAYIOO010000072.1	0.0000	1.0000	0.0000
JAYIOO010000073.1	0.3309	0.5734	0.0957
JAYIOO010000074.1	0.6924	0.2934	0.0142
JAYIOO010000075.1	0.5633	0.4188	0.0179
JAYIOO010000076.1	0.0000	1.0000	0.0000
JAYIOO010000077.1	0.0562	0.9149	0.0288
JAYIOO010000078.1	0.0000	0.9999	0.0001
JAYIOO010000079.1	0.2083	0.4729	0.3188
JAYIOO010000080.1	0.0000	0.9999	0.0001
JAYIOO010000081.1	0.0309	0.8984	0.0707
JAYIOO010000082.1	0.0000	1.0000	0.0000
JAYIOO010000083.1	0.0769	0.9012	0.0219
JAYIOO010000084.1	0.8209	0.1510	0.0281
JAYIOO010000085.1	0.2323	0.5012	0.2665
JAYIOO010000086.1	0.9394	0.0546	0.0061
JAYIOO010000087.1	0.9844	0.0143	0.0013
JAYIOO010000088.1	0.0000	1.0000	0.0000
JAYIOO010000089.1	0.0349	0.1853	0.7798
JAYIOO010000090.1	0.0229	0.0547	0.9223
JAYIOO010000091.1	0.9638	0.0295	0.0067
JAYIOO010000092.1	0.0020	0.0060	0.9920
JAYIOO010000093.1	0.9344	0.0448	0.0208
JAYIOO010000094.1	0.5313	0.3012	0.1675
JAYIOO010000095.1	0.2030	0.7148	0.0822
JAYIOO010000096.1	0.0008	0.9992	0.0000
JAYIOO010000097.1	0.9801	0.0146	0.0053
JAYIOO010000098.1	0.9815	0.0140	0.0045
JAYIOO010000099.1	0.4145	0.5381	0.0475
JAYIOO010000100.1	0.0438	0.7077	0.2484
JAYIOO010000101.1	0.5657	0.3293	0.1050
JAYIOO010000102.1	0.6696	0.1568	0.1736
JAYIOO010000103.1	0.7204	0.1548	0.1248
JAYIOO010000104.1	0.3354	0.4464	0.2182
JAYIOO010000105.1	0.0000	1.0000	0.0000
JAYIOO010000106.1	0.2269	0.0473	0.7258
JAYIOO010000107.1	0.5580	0.2826	0.1594
JAYIOO010000108.1	0.0002	0.9998	0.0000
JAYIOO010000109.1	0.5376	0.1099	0.3524
JAYIOO010000110.1	0.2171	0.7491	0.0338
JAYIOO010000111.1	0.4444	0.1050	0.4505
JAYIOO010000112.1	0.1618	0.0620	0.7762
JAYIOO010000113.1	0.6003	0.0543	0.3454
JAYIOO010000114.1	0.2683	0.0884	0.6432
JAYIOO010000115.1	0.5347	0.1166	0.3487
JAYIOO010000116.1	0.9206	0.0678	0.0116
JAYIOO010000117.1	0.3521	0.1326	0.5153
JAYIOO010000118.1	0.8520	0.0560	0.0920
JAYIOO010000119.1	0.4404	0.0522	0.5074
JAYIOO010000120.1	0.4147	0.0740	0.5114
JAYIOO010000121.1	0.7807	0.1376	0.0817
JAYIOO010000122.1	0.1487	0.0423	0.8090
JAYIOO010000123.1	0.7019	0.2822	0.0159
JAYIOO010000124.1	0.1630	0.2023	0.6347
JAYIOO010000125.1	0.5064	0.3359	0.1577
JAYIOO010000126.1	0.8132	0.0562	0.1306
JAYIOO010000127.1	0.5574	0.0744	0.3682
JAYIOO010000128.1	0.4190	0.0455	0.5355
JAYIOO010000129.1	0.2208	0.0499	0.7292
JAYIOO010000130.1	0.1425	0.0321	0.8254
JAYIOO010000131.1	0.1770	0.0686	0.7544
JAYIOO010000132.1	0.1959	0.0462	0.7579
JAYIOO010000133.1	0.3977	0.0379	0.5644
JAYIOO010000134.1	0.2121	0.0381	0.7498
JAYIOO010000135.1	0.3990	0.0785	0.5225
JAYIOO010000136.1	0.5772	0.0484	0.3744
JAYIOO010000137.1	0.7936	0.0439	0.1625
