seq_name	chromosome_score	plasmid_score	virus_score
JAYIQJ010000001.1	0.4266	0.5572	0.0163
JAYIQJ010000002.1	0.4725	0.5114	0.0161
JAYIQJ010000003.1	0.4473	0.5291	0.0236
JAYIQJ010000004.1	0.4997	0.4886	0.0118
JAYIQJ010000005.1	0.4354	0.5300	0.0346
JAYIQJ010000006.1	0.4648	0.5215	0.0137
JAYIQJ010000007.1	0.5024	0.4824	0.0152
JAYIQJ010000008.1	0.4707	0.5105	0.0189
JAYIQJ010000009.1	0.5010	0.4794	0.0196
JAYIQJ010000010.1	0.5070	0.4549	0.0381
JAYIQJ010000011.1	0.4799	0.5008	0.0193
JAYIQJ010000012.1	0.3749	0.5963	0.0289
JAYIQJ010000013.1	0.4361	0.5484	0.0154
JAYIQJ010000014.1	0.4720	0.5159	0.0121
JAYIQJ010000015.1	0.5182	0.4416	0.0402
JAYIQJ010000016.1	0.4624	0.4664	0.0711
JAYIQJ010000017.1	0.3874	0.5596	0.0530
JAYIQJ010000018.1	0.5321	0.3845	0.0835
JAYIQJ010000019.1	0.4580	0.5210	0.0210
JAYIQJ010000020.1	0.5092	0.4694	0.0214
JAYIQJ010000021.1	0.4670	0.5144	0.0186
JAYIQJ010000022.1	0.4763	0.4586	0.0651
JAYIQJ010000023.1	0.5176	0.4662	0.0162
JAYIQJ010000024.1	0.5008	0.4568	0.0424
JAYIQJ010000025.1	0.4871	0.4941	0.0188
JAYIQJ010000026.1	0.4415	0.5488	0.0097
JAYIQJ010000027.1	0.5415	0.4131	0.0454
JAYIQJ010000028.1	0.4784	0.4972	0.0243
JAYIQJ010000029.1	0.6375	0.3100	0.0525
JAYIQJ010000030.1	0.5204	0.4601	0.0195
JAYIQJ010000031.1	0.3705	0.5606	0.0689
JAYIQJ010000032.1	0.4521	0.5400	0.0079
JAYIQJ010000033.1	0.3971	0.5856	0.0173
JAYIQJ010000034.1	0.4402	0.5161	0.0437
JAYIQJ010000035.1	0.4515	0.5192	0.0294
JAYIQJ010000036.1	0.4036	0.5431	0.0533
JAYIQJ010000037.1	0.4740	0.5215	0.0045
JAYIQJ010000038.1	0.4329	0.5644	0.0027
JAYIQJ010000039.1	0.3742	0.6184	0.0075
JAYIQJ010000040.1	0.5100	0.4463	0.0437
JAYIQJ010000041.1	0.3354	0.6487	0.0159
JAYIQJ010000042.1	0.4165	0.5427	0.0407
JAYIQJ010000043.1	0.4873	0.4663	0.0465
JAYIQJ010000044.1	0.4454	0.5083	0.0462
JAYIQJ010000045.1	0.3892	0.6045	0.0063
JAYIQJ010000046.1	0.4537	0.4765	0.0698
JAYIQJ010000047.1	0.3969	0.5102	0.0929
JAYIQJ010000048.1	0.5276	0.4478	0.0246
JAYIQJ010000049.1	0.4582	0.4626	0.0792
JAYIQJ010000050.1	0.4078	0.5718	0.0204
JAYIQJ010000051.1	0.3424	0.6273	0.0303
JAYIQJ010000052.1	0.4478	0.5320	0.0202
JAYIQJ010000053.1	0.2502	0.7354	0.0143
JAYIQJ010000054.1	0.3707	0.6219	0.0074
JAYIQJ010000055.1	0.4228	0.5543	0.0228
JAYIQJ010000056.1	0.3610	0.5717	0.0673
JAYIQJ010000057.1	0.5867	0.4060	0.0073
JAYIQJ010000058.1	0.5838	0.4016	0.0146
JAYIQJ010000059.1	0.3043	0.6876	0.0081
JAYIQJ010000060.1	0.5412	0.4504	0.0084
JAYIQJ010000061.1	0.5234	0.4528	0.0239
JAYIQJ010000062.1	0.4304	0.4606	0.1090
JAYIQJ010000063.1	0.4567	0.5156	0.0277
JAYIQJ010000064.1	0.4573	0.5302	0.0125
JAYIQJ010000065.1	0.3926	0.5843	0.0231
JAYIQJ010000066.1	0.4866	0.4584	0.0550
JAYIQJ010000067.1	0.5324	0.4641	0.0036
JAYIQJ010000068.1	0.6276	0.3710	0.0013
JAYIQJ010000069.1	0.7051	0.1384	0.1566
JAYIQJ010000070.1	0.4497	0.5172	0.0331
JAYIQJ010000071.1	0.2445	0.6938	0.0617
JAYIQJ010000072.1	0.5851	0.3937	0.0211
JAYIQJ010000073.1	0.1332	0.5342	0.3326
JAYIQJ010000074.1	0.1003	0.8659	0.0338
JAYIQJ010000075.1	0.4108	0.5692	0.0200
JAYIQJ010000076.1	0.3059	0.6532	0.0409
JAYIQJ010000077.1	0.4401	0.5288	0.0311
JAYIQJ010000078.1	0.1018	0.6692	0.2290
JAYIQJ010000079.1	0.5154	0.4688	0.0158
JAYIQJ010000080.1	0.6726	0.3261	0.0013
JAYIQJ010000081.1	0.5543	0.4338	0.0119
JAYIQJ010000082.1	0.2047	0.7891	0.0062
JAYIQJ010000083.1	0.2613	0.6295	0.1092
JAYIQJ010000084.1	0.1020	0.7138	0.1842
JAYIQJ010000085.1	0.1725	0.1719	0.6557
JAYIQJ010000086.1	0.2686	0.7120	0.0194
JAYIQJ010000087.1	0.6637	0.2728	0.0635
JAYIQJ010000088.1	0.6705	0.2268	0.1027
JAYIQJ010000089.1	0.7044	0.1525	0.1431
JAYIQJ010000090.1	0.5493	0.3039	0.1468
JAYIQJ010000091.1	0.3235	0.5825	0.0940
JAYIQJ010000092.1	0.2781	0.2570	0.4649
JAYIQJ010000093.1	0.1357	0.4999	0.3644
JAYIQJ010000094.1	0.2032	0.7039	0.0929
JAYIQJ010000095.1	0.1087	0.4018	0.4895
JAYIQJ010000096.1	0.7366	0.1118	0.1515
JAYIQJ010000097.1	0.3804	0.2602	0.3594
JAYIQJ010000098.1	0.4721	0.3916	0.1363
JAYIQJ010000099.1	0.2460	0.4163	0.3377
JAYIQJ010000100.1	0.1959	0.5514	0.2526
JAYIQJ010000101.1	0.0801	0.3802	0.5397
JAYIQJ010000102.1	0.3119	0.4115	0.2766
JAYIQJ010000103.1	0.2982	0.3117	0.3901
JAYIQJ010000104.1	0.2887	0.0692	0.6422
JAYIQJ010000105.1	0.1302	0.2863	0.5835
JAYIQJ010000106.1	0.2113	0.4049	0.3837
JAYIQJ010000107.1	0.2663	0.3623	0.3714
JAYIQJ010000108.1	0.5119	0.2964	0.1917
JAYIQJ010000109.1	0.1659	0.1282	0.7059
JAYIQJ010000110.1	0.4515	0.1578	0.3907
JAYIQJ010000111.1	0.1945	0.0634	0.7421
JAYIQJ010000112.1	0.1119	0.1152	0.7729
