seq_name	chromosome_score	plasmid_score	virus_score
JAYIUQ010000001.1	1.0000	0.0000	0.0000
JAYIUQ010000010.1	0.9998	0.0002	0.0000
JAYIUQ010000100.1	0.0036	0.0013	0.9950
JAYIUQ010000101.1	0.4520	0.2406	0.3074
JAYIUQ010000102.1	0.6364	0.0281	0.3354
JAYIUQ010000103.1	0.6650	0.0294	0.3056
JAYIUQ010000104.1	0.5347	0.1697	0.2956
JAYIUQ010000105.1	0.7032	0.0374	0.2594
JAYIUQ010000106.1	0.9605	0.0074	0.0321
JAYIUQ010000107.1	0.0549	0.0693	0.8758
JAYIUQ010000108.1	0.6036	0.0895	0.3069
JAYIUQ010000109.1	0.0821	0.0708	0.8471
JAYIUQ010000011.1	0.9999	0.0001	0.0000
JAYIUQ010000110.1	0.9605	0.0074	0.0321
JAYIUQ010000111.1	0.6812	0.0782	0.2406
JAYIUQ010000112.1	0.0028	0.0070	0.9902
JAYIUQ010000012.1	1.0000	0.0000	0.0000
JAYIUQ010000013.1	1.0000	0.0000	0.0000
JAYIUQ010000014.1	1.0000	0.0000	0.0000
JAYIUQ010000015.1	0.9995	0.0005	0.0000
JAYIUQ010000016.1	0.9994	0.0006	0.0000
JAYIUQ010000017.1	0.9999	0.0001	0.0000
JAYIUQ010000018.1	1.0000	0.0000	0.0000
JAYIUQ010000019.1	0.9999	0.0001	0.0000
JAYIUQ010000002.1	0.9999	0.0001	0.0000
JAYIUQ010000020.1	1.0000	0.0000	0.0000
JAYIUQ010000021.1	0.9419	0.0581	0.0000
JAYIUQ010000022.1	0.9999	0.0001	0.0000
JAYIUQ010000023.1	1.0000	0.0000	0.0000
JAYIUQ010000024.1	0.6618	0.3382	0.0000
JAYIUQ010000025.1	0.9999	0.0001	0.0000
JAYIUQ010000026.1	0.0008	0.9991	0.0000
JAYIUQ010000027.1	0.9991	0.0009	0.0000
JAYIUQ010000028.1	0.0004	0.9996	0.0000
JAYIUQ010000029.1	0.9999	0.0001	0.0000
JAYIUQ010000003.1	0.9991	0.0009	0.0000
JAYIUQ010000030.1	1.0000	0.0000	0.0000
JAYIUQ010000031.1	0.9998	0.0002	0.0000
JAYIUQ010000032.1	0.9995	0.0005	0.0000
JAYIUQ010000033.1	0.9987	0.0013	0.0000
JAYIUQ010000034.1	0.9996	0.0004	0.0000
JAYIUQ010000035.1	0.9994	0.0006	0.0000
JAYIUQ010000036.1	1.0000	0.0000	0.0000
JAYIUQ010000037.1	0.8335	0.1664	0.0000
JAYIUQ010000038.1	0.9998	0.0002	0.0000
JAYIUQ010000039.1	0.0005	0.9995	0.0000
JAYIUQ010000004.1	0.9999	0.0001	0.0000
JAYIUQ010000040.1	0.0001	0.9999	0.0000
JAYIUQ010000041.1	0.9999	0.0001	0.0000
JAYIUQ010000042.1	0.7533	0.2467	0.0000
JAYIUQ010000043.1	0.9980	0.0020	0.0000
JAYIUQ010000044.1	0.9984	0.0016	0.0000
JAYIUQ010000045.1	1.0000	0.0000	0.0000
JAYIUQ010000046.1	0.9984	0.0015	0.0000
JAYIUQ010000047.1	1.0000	0.0000	0.0000
JAYIUQ010000048.1	0.9995	0.0005	0.0000
JAYIUQ010000049.1	0.4049	0.5950	0.0000
JAYIUQ010000005.1	0.9998	0.0002	0.0000
JAYIUQ010000050.1	0.1107	0.8893	0.0000
JAYIUQ010000051.1	1.0000	0.0000	0.0000
JAYIUQ010000052.1	0.1341	0.8659	0.0000
JAYIUQ010000053.1	0.0025	0.9974	0.0001
JAYIUQ010000054.1	1.0000	0.0000	0.0000
JAYIUQ010000055.1	0.0026	0.9973	0.0000
JAYIUQ010000056.1	0.0312	0.9687	0.0001
JAYIUQ010000057.1	0.9848	0.0152	0.0000
JAYIUQ010000058.1	0.9998	0.0002	0.0000
JAYIUQ010000059.1	0.6762	0.3237	0.0001
JAYIUQ010000006.1	0.9995	0.0005	0.0000
JAYIUQ010000060.1	0.6023	0.1542	0.2436
JAYIUQ010000061.1	0.9806	0.0194	0.0000
JAYIUQ010000062.1	0.6358	0.3622	0.0020
JAYIUQ010000063.1	0.0059	0.9940	0.0001
JAYIUQ010000064.1	0.7619	0.1103	0.1278
JAYIUQ010000065.1	0.7887	0.2113	0.0001
JAYIUQ010000066.1	0.1931	0.1899	0.6170
JAYIUQ010000067.1	0.9977	0.0023	0.0001
JAYIUQ010000068.1	0.0013	0.9987	0.0000
JAYIUQ010000069.1	0.9844	0.0028	0.0128
JAYIUQ010000007.1	1.0000	0.0000	0.0000
JAYIUQ010000070.1	0.0499	0.9494	0.0007
JAYIUQ010000071.1	0.2754	0.7229	0.0017
JAYIUQ010000072.1	0.3291	0.2197	0.4512
JAYIUQ010000073.1	0.3253	0.2722	0.4025
JAYIUQ010000074.1	0.1962	0.0112	0.7926
JAYIUQ010000075.1	0.8228	0.1769	0.0002
JAYIUQ010000076.1	0.0003	0.9996	0.0000
JAYIUQ010000077.1	0.8762	0.0880	0.0358
JAYIUQ010000078.1	0.0811	0.9188	0.0001
JAYIUQ010000079.1	0.7543	0.1168	0.1289
JAYIUQ010000008.1	1.0000	0.0000	0.0000
JAYIUQ010000080.1	0.5424	0.4517	0.0059
JAYIUQ010000081.1	0.6703	0.1648	0.1649
JAYIUQ010000082.1	0.0000	0.0000	1.0000
JAYIUQ010000083.1	0.8986	0.0535	0.0479
JAYIUQ010000084.1	0.6017	0.0332	0.3652
JAYIUQ010000085.1	0.8953	0.0117	0.0929
JAYIUQ010000086.1	0.9051	0.0533	0.0416
JAYIUQ010000087.1	0.1003	0.0038	0.8959
JAYIUQ010000088.1	0.7094	0.0335	0.2571
JAYIUQ010000089.1	0.8323	0.1628	0.0049
JAYIUQ010000009.1	0.9996	0.0004	0.0000
JAYIUQ010000090.1	0.0301	0.9401	0.0298
JAYIUQ010000091.1	0.4620	0.2214	0.3166
JAYIUQ010000092.1	0.6993	0.0544	0.2463
JAYIUQ010000093.1	0.8753	0.0674	0.0573
JAYIUQ010000094.1	0.6340	0.1384	0.2275
JAYIUQ010000095.1	0.5680	0.1933	0.2386
JAYIUQ010000096.1	0.7478	0.2511	0.0012
JAYIUQ010000097.1	0.6951	0.2336	0.0713
JAYIUQ010000098.1	0.0183	0.0497	0.9320
JAYIUQ010000099.1	0.0007	0.0006	0.9987
