seq_name	chromosome_score	plasmid_score	virus_score
JAYIQQ010000001.1	0.4504	0.5309	0.0186
JAYIQQ010000002.1	0.4444	0.5279	0.0276
JAYIQQ010000003.1	0.4332	0.5477	0.0191
JAYIQQ010000004.1	0.4974	0.4709	0.0318
JAYIQQ010000005.1	0.4593	0.5299	0.0108
JAYIQQ010000006.1	0.5129	0.4202	0.0669
JAYIQQ010000007.1	0.5108	0.4462	0.0430
JAYIQQ010000008.1	0.4864	0.4988	0.0148
JAYIQQ010000009.1	0.4941	0.4833	0.0225
JAYIQQ010000010.1	0.4451	0.5396	0.0153
JAYIQQ010000011.1	0.4971	0.4854	0.0176
JAYIQQ010000012.1	0.4612	0.5163	0.0225
JAYIQQ010000013.1	0.4976	0.4823	0.0201
JAYIQQ010000014.1	0.4834	0.5056	0.0109
JAYIQQ010000015.1	0.4586	0.5305	0.0108
JAYIQQ010000016.1	0.4051	0.5678	0.0271
JAYIQQ010000017.1	0.5027	0.4884	0.0089
JAYIQQ010000018.1	0.3098	0.6301	0.0601
JAYIQQ010000019.1	0.5237	0.4330	0.0432
JAYIQQ010000020.1	0.4376	0.5555	0.0069
JAYIQQ010000021.1	0.4589	0.5236	0.0176
JAYIQQ010000022.1	0.2926	0.5945	0.1130
JAYIQQ010000023.1	0.4545	0.5359	0.0095
JAYIQQ010000024.1	0.4206	0.5343	0.0451
JAYIQQ010000025.1	0.5463	0.4502	0.0035
JAYIQQ010000026.1	0.5923	0.3734	0.0343
JAYIQQ010000027.1	0.6204	0.3187	0.0608
JAYIQQ010000028.1	0.4474	0.5101	0.0426
JAYIQQ010000029.1	0.4554	0.5172	0.0274
JAYIQQ010000030.1	0.4217	0.5550	0.0233
JAYIQQ010000031.1	0.5325	0.4420	0.0255
JAYIQQ010000032.1	0.4194	0.5620	0.0186
JAYIQQ010000033.1	0.4106	0.5820	0.0074
JAYIQQ010000034.1	0.3879	0.5912	0.0209
JAYIQQ010000035.1	0.4237	0.5474	0.0289
JAYIQQ010000036.1	0.3916	0.4721	0.1362
JAYIQQ010000037.1	0.5489	0.4468	0.0043
JAYIQQ010000038.1	0.4006	0.5866	0.0129
JAYIQQ010000039.1	0.3958	0.5176	0.0866
JAYIQQ010000040.1	0.4251	0.5428	0.0321
JAYIQQ010000041.1	0.4199	0.5405	0.0396
JAYIQQ010000042.1	0.4715	0.4835	0.0449
JAYIQQ010000043.1	0.4371	0.5333	0.0296
JAYIQQ010000044.1	0.3446	0.6270	0.0283
JAYIQQ010000045.1	0.5204	0.4766	0.0030
JAYIQQ010000046.1	0.6640	0.3281	0.0079
JAYIQQ010000047.1	0.5126	0.4329	0.0545
JAYIQQ010000048.1	0.3364	0.5808	0.0828
JAYIQQ010000049.1	0.3762	0.5910	0.0327
JAYIQQ010000050.1	0.4707	0.4893	0.0400
JAYIQQ010000051.1	0.4183	0.5343	0.0474
JAYIQQ010000052.1	0.5126	0.4808	0.0066
JAYIQQ010000053.1	0.4569	0.5122	0.0309
JAYIQQ010000054.1	0.3329	0.6271	0.0400
JAYIQQ010000055.1	0.3991	0.5689	0.0320
JAYIQQ010000056.1	0.3820	0.5745	0.0435
JAYIQQ010000057.1	0.3549	0.5342	0.1109
JAYIQQ010000058.1	0.4923	0.4706	0.0371
JAYIQQ010000059.1	0.3427	0.5566	0.1007
JAYIQQ010000060.1	0.3746	0.6169	0.0085
JAYIQQ010000061.1	0.4022	0.4133	0.1846
JAYIQQ010000062.1	0.4663	0.5274	0.0063
JAYIQQ010000063.1	0.4843	0.5116	0.0041
JAYIQQ010000064.1	0.4041	0.5872	0.0087
JAYIQQ010000065.1	0.3148	0.3618	0.3234
JAYIQQ010000066.1	0.3279	0.6563	0.0158
JAYIQQ010000067.1	0.4614	0.5317	0.0069
JAYIQQ010000068.1	0.0594	0.8162	0.1244
JAYIQQ010000069.1	0.6183	0.3729	0.0088
JAYIQQ010000070.1	0.6666	0.0761	0.2573
JAYIQQ010000071.1	0.5699	0.4255	0.0046
JAYIQQ010000072.1	0.5820	0.3771	0.0409
JAYIQQ010000073.1	0.4302	0.5608	0.0090
JAYIQQ010000074.1	0.3205	0.6013	0.0782
JAYIQQ010000075.1	0.5759	0.4129	0.0112
JAYIQQ010000076.1	0.5145	0.4386	0.0469
JAYIQQ010000077.1	0.3137	0.5042	0.1821
JAYIQQ010000078.1	0.0627	0.8209	0.1164
JAYIQQ010000079.1	0.5263	0.4520	0.0217
JAYIQQ010000080.1	0.3285	0.6083	0.0632
JAYIQQ010000081.1	0.3382	0.6539	0.0079
JAYIQQ010000082.1	0.2247	0.7714	0.0039
JAYIQQ010000083.1	0.2358	0.7538	0.0104
JAYIQQ010000084.1	0.2877	0.6403	0.0720
JAYIQQ010000085.1	0.5858	0.4118	0.0024
JAYIQQ010000086.1	0.0592	0.4306	0.5102
JAYIQQ010000087.1	0.1413	0.8015	0.0573
JAYIQQ010000088.1	0.1020	0.1202	0.7778
JAYIQQ010000089.1	0.0047	0.9452	0.0501
JAYIQQ010000090.1	0.2865	0.7024	0.0111
JAYIQQ010000091.1	0.0972	0.8281	0.0747
JAYIQQ010000092.1	0.6020	0.3147	0.0832
JAYIQQ010000093.1	0.4963	0.4480	0.0557
JAYIQQ010000094.1	0.0163	0.9700	0.0137
JAYIQQ010000095.1	0.1538	0.6524	0.1939
JAYIQQ010000096.1	0.0496	0.3187	0.6317
JAYIQQ010000097.1	0.3091	0.5803	0.1106
JAYIQQ010000098.1	0.7396	0.1719	0.0884
JAYIQQ010000099.1	0.5562	0.4362	0.0076
JAYIQQ010000100.1	0.5066	0.4296	0.0637
JAYIQQ010000101.1	0.4602	0.3536	0.1862
JAYIQQ010000102.1	0.3665	0.5559	0.0776
JAYIQQ010000103.1	0.3215	0.4236	0.2549
JAYIQQ010000104.1	0.1815	0.6284	0.1901
JAYIQQ010000105.1	0.2883	0.4658	0.2459
JAYIQQ010000106.1	0.4454	0.3098	0.2448
JAYIQQ010000107.1	0.3837	0.2078	0.4086
JAYIQQ010000108.1	0.1747	0.7655	0.0598
JAYIQQ010000109.1	0.2551	0.5264	0.2185
JAYIQQ010000110.1	0.4812	0.3405	0.1783
JAYIQQ010000111.1	0.5916	0.2754	0.1331
JAYIQQ010000112.1	0.0919	0.1294	0.7787
JAYIQQ010000113.1	0.2608	0.1982	0.5410
JAYIQQ010000114.1	0.3967	0.4562	0.1471
JAYIQQ010000115.1	0.3004	0.1760	0.5236
JAYIQQ010000116.1	0.3023	0.3545	0.3432
JAYIQQ010000117.1	0.5741	0.2676	0.1583
JAYIQQ010000118.1	0.4107	0.1337	0.4556
JAYIQQ010000119.1	0.6501	0.2745	0.0754
JAYIQQ010000120.1	0.3833	0.2523	0.3644
JAYIQQ010000121.1	0.0825	0.1192	0.7983
JAYIQQ010000122.1	0.2200	0.2458	0.5342
JAYIQQ010000123.1	0.1410	0.2124	0.6466
