seq_name	chromosome_score	plasmid_score	virus_score
JAYIVZ010000001.1	0.9614	0.0357	0.0029
JAYIVZ010000002.1	0.9119	0.0826	0.0054
JAYIVZ010000003.1	0.9621	0.0348	0.0031
JAYIVZ010000004.1	0.9590	0.0379	0.0031
JAYIVZ010000005.1	0.9585	0.0384	0.0031
JAYIVZ010000006.1	0.9759	0.0219	0.0022
JAYIVZ010000007.1	0.9535	0.0432	0.0033
JAYIVZ010000008.1	0.9309	0.0641	0.0049
JAYIVZ010000009.1	0.9738	0.0239	0.0023
JAYIVZ010000010.1	0.9264	0.0689	0.0046
JAYIVZ010000011.1	0.9475	0.0488	0.0037
JAYIVZ010000012.1	0.9757	0.0220	0.0023
JAYIVZ010000013.1	0.9377	0.0580	0.0043
JAYIVZ010000014.1	0.9263	0.0694	0.0043
JAYIVZ010000015.1	0.9806	0.0175	0.0019
JAYIVZ010000016.1	0.9867	0.0120	0.0013
JAYIVZ010000017.1	0.8918	0.1024	0.0058
JAYIVZ010000018.1	0.9450	0.0506	0.0044
JAYIVZ010000019.1	0.8495	0.1413	0.0092
JAYIVZ010000020.1	0.9878	0.0111	0.0011
JAYIVZ010000021.1	0.9649	0.0322	0.0029
JAYIVZ010000022.1	0.0000	0.9999	0.0000
JAYIVZ010000023.1	0.9547	0.0420	0.0033
JAYIVZ010000024.1	0.9838	0.0147	0.0015
JAYIVZ010000025.1	0.9853	0.0134	0.0013
JAYIVZ010000026.1	0.9637	0.0320	0.0043
JAYIVZ010000027.1	0.9948	0.0044	0.0007
JAYIVZ010000028.1	0.9778	0.0204	0.0018
JAYIVZ010000029.1	0.9045	0.0626	0.0329
JAYIVZ010000030.1	0.8970	0.0971	0.0058
JAYIVZ010000031.1	0.9660	0.0316	0.0024
JAYIVZ010000032.1	0.9244	0.0709	0.0047
JAYIVZ010000033.1	0.9336	0.0616	0.0048
JAYIVZ010000034.1	0.8906	0.1035	0.0059
JAYIVZ010000035.1	0.9356	0.0601	0.0044
JAYIVZ010000036.1	0.7619	0.2289	0.0093
JAYIVZ010000037.1	0.9218	0.0719	0.0063
JAYIVZ010000038.1	0.7244	0.2679	0.0077
JAYIVZ010000039.1	0.9899	0.0092	0.0010
JAYIVZ010000040.1	0.9693	0.0282	0.0025
JAYIVZ010000041.1	0.0001	0.9998	0.0001
JAYIVZ010000042.1	0.3543	0.6364	0.0094
JAYIVZ010000043.1	0.9755	0.0218	0.0027
JAYIVZ010000044.1	0.9689	0.0287	0.0024
JAYIVZ010000045.1	0.8804	0.1106	0.0090
JAYIVZ010000046.1	0.9537	0.0433	0.0030
JAYIVZ010000047.1	0.9873	0.0113	0.0013
JAYIVZ010000048.1	0.9194	0.0759	0.0047
JAYIVZ010000049.1	0.9728	0.0251	0.0022
JAYIVZ010000050.1	0.9578	0.0369	0.0053
JAYIVZ010000051.1	0.6011	0.3934	0.0056
JAYIVZ010000052.1	0.9831	0.0136	0.0032
JAYIVZ010000053.1	0.2646	0.7267	0.0087
JAYIVZ010000054.1	0.0004	0.9995	0.0001
JAYIVZ010000055.1	0.9564	0.0395	0.0041
JAYIVZ010000056.1	0.2674	0.0392	0.6934
JAYIVZ010000057.1	0.7620	0.2268	0.0112
JAYIVZ010000058.1	0.0000	0.9999	0.0001
JAYIVZ010000059.1	0.6440	0.3441	0.0119
JAYIVZ010000060.1	0.9975	0.0017	0.0007
JAYIVZ010000061.1	0.8865	0.1073	0.0062
JAYIVZ010000062.1	0.0300	0.9671	0.0030
JAYIVZ010000063.1	0.0024	0.9962	0.0014
JAYIVZ010000064.1	0.8711	0.1231	0.0058
JAYIVZ010000065.1	0.9191	0.0744	0.0065
JAYIVZ010000066.1	0.9752	0.0225	0.0023
JAYIVZ010000067.1	0.0001	0.9999	0.0000
JAYIVZ010000068.1	0.9932	0.0061	0.0007
JAYIVZ010000069.1	0.0008	0.9973	0.0018
JAYIVZ010000070.1	0.9889	0.0100	0.0011
JAYIVZ010000071.1	0.0000	0.9999	0.0001
JAYIVZ010000072.1	0.7044	0.2874	0.0082
JAYIVZ010000073.1	0.0001	0.9998	0.0001
JAYIVZ010000074.1	0.0989	0.8846	0.0165
JAYIVZ010000075.1	0.0084	0.9876	0.0040
JAYIVZ010000076.1	0.0000	1.0000	0.0000
JAYIVZ010000077.1	0.0013	0.0341	0.9646
JAYIVZ010000078.1	0.0434	0.9478	0.0088
JAYIVZ010000079.1	0.9870	0.0113	0.0017
JAYIVZ010000080.1	0.0000	1.0000	0.0000
JAYIVZ010000081.1	0.4908	0.4928	0.0164
JAYIVZ010000082.1	0.0158	0.9712	0.0130
JAYIVZ010000083.1	0.5146	0.3972	0.0882
JAYIVZ010000084.1	0.7101	0.2866	0.0033
JAYIVZ010000085.1	0.0522	0.3668	0.5809
JAYIVZ010000086.1	0.7176	0.2813	0.0011
JAYIVZ010000087.1	0.1105	0.8695	0.0199
JAYIVZ010000088.1	0.9554	0.0391	0.0055
JAYIVZ010000089.1	0.8647	0.1199	0.0154
JAYIVZ010000090.1	0.0030	0.0008	0.9962
JAYIVZ010000091.1	0.7165	0.2377	0.0458
JAYIVZ010000092.1	0.0170	0.9597	0.0234
JAYIVZ010000093.1	0.1106	0.8521	0.0373
JAYIVZ010000094.1	0.7110	0.2443	0.0447
JAYIVZ010000095.1	0.0002	0.9997	0.0001
JAYIVZ010000096.1	0.9882	0.0069	0.0049
JAYIVZ010000097.1	0.0130	0.0011	0.9859
JAYIVZ010000098.1	0.1585	0.2121	0.6294
JAYIVZ010000099.1	0.4529	0.5199	0.0272
JAYIVZ010000100.1	0.0000	0.9999	0.0000
JAYIVZ010000101.1	0.6219	0.3645	0.0136
JAYIVZ010000102.1	0.9343	0.0450	0.0208
JAYIVZ010000103.1	0.5771	0.3834	0.0395
JAYIVZ010000104.1	0.6246	0.2327	0.1427
JAYIVZ010000105.1	0.0366	0.0961	0.8673
JAYIVZ010000106.1	0.5138	0.1930	0.2931
JAYIVZ010000107.1	0.9922	0.0061	0.0017
JAYIVZ010000108.1	0.3704	0.4259	0.2037
JAYIVZ010000109.1	0.4622	0.4268	0.1110
JAYIVZ010000110.1	0.0219	0.0056	0.9725
JAYIVZ010000111.1	0.0110	0.0039	0.9851
JAYIVZ010000112.1	0.1700	0.0396	0.7904
JAYIVZ010000113.1	0.5925	0.1689	0.2386
JAYIVZ010000114.1	0.9493	0.0378	0.0129
JAYIVZ010000115.1	0.3523	0.2589	0.3888
JAYIVZ010000116.1	0.0045	0.0027	0.9928
JAYIVZ010000117.1	0.1850	0.0065	0.8085
JAYIVZ010000118.1	0.0215	0.0250	0.9536
JAYIVZ010000119.1	0.0593	0.1475	0.7933
JAYIVZ010000120.1	0.8183	0.0543	0.1274
JAYIVZ010000121.1	0.5260	0.0671	0.4069
JAYIVZ010000122.1	0.9895	0.0069	0.0035
JAYIVZ010000123.1	0.7691	0.1236	0.1073
JAYIVZ010000124.1	0.8947	0.0625	0.0427
JAYIVZ010000125.1	0.3531	0.1449	0.5020
