system.number,seqid,system,target.name,hmm.accession,hmm.name,protein.name,full.seq.E.value,domain.iE.value,target.coverage,hmm.coverage,start,end,strand,target.description,relative.position,contig.end,all.domains,best.hits
2,JAYIPV010000002.1,RM_type_I,JAYIPV010000002.1_26,PDLC03041,REase_I_00002,REase_I,0,0,0.995,0.995,30555,33845,-,-,26,378,"PDLC03046,REase_I_00007, 1, 260, 0.058, 0.059 | PDLC03046,REase_I_00007, 2, 7.7e-17, 0.171, 0.21 | PDLC03046,REase_I_00007, 3, 3.2e-11, 0.063, 0.068 | PDLC03041,REase_I_00002, 1, 0, 0.995, 0.995 | PDLC03043,REase_I_00004, 1, 0.00097, 0.072, 0.24 | PDLC03045,REase_I_00006, 1, 180, 0.077, 0.084 | PDLC03045,REase_I_00006, 2, 3.1e-16, 0.186, 0.208 | PDLC03045,REase_I_00006, 3, 2e-06, 0.054, 0.062 | PDLC03044,REase_I_00005, 1, 2.6e-20, 0.144, 0.142 | PDLC03044,REase_I_00005, 2, 3.2e-72, 0.558, 0.605 | PDLC03040,REase_I_00001, 1, 5.2e-23, 0.197, 0.192 | PDLC03040,REase_I_00001, 2, 7.3e-79, 0.425, 0.46 | PDLC03048,REase_I_00009, 1, 6.7e-52, 0.573, 0.613","PDLC03041, REase_I_00002, 0, 0.995, 0.995 | PDLC03040, REase_I_00001, 7.3e-79, 0.425, 0.46 | PDLC03044, REase_I_00005, 3.2e-72, 0.558, 0.605 | PDLC03048, REase_I_00009, 6.7e-52, 0.573, 0.613 | PDLC03046, REase_I_00007, 7.7e-17, 0.171, 0.21"
2,JAYIPV010000002.1,RM_type_I,JAYIPV010000002.1_27,PDLC03101,Specificity_I_00050,Specificity_I,4.199999999999999e-82,5.099999999999999e-82,0.974,0.988,33842,35089,-,-,27,378,"PDLC03111,Specificity_I_00060, 1, 0.004, 0.207, 0.415 | PDLC03117,Specificity_I_00066, 1, 1.5e-22, 0.887, 0.701 | PDLC03190,Specificity_I_00139, 1, 4.2e-07, 0.123, 0.131 | PDLC03190,Specificity_I_00139, 2, 0.0099, 0.212, 0.237 | PDLC03094,Specificity_I_00043, 1, 28, 0.19, 0.208 | PDLC03094,Specificity_I_00043, 2, 0.31, 0.166, 0.18 | PDLC03063,Specificity_I_00012, 1, 2.9e-06, 0.659, 0.691 | PDLC03187,Specificity_I_00136, 1, 5.6e-11, 0.233, 0.251 | PDLC03187,Specificity_I_00136, 2, 2.1e-09, 0.188, 0.214 | PDLC03187,Specificity_I_00136, 3, 0.0022, 0.233, 0.259 | PDLC03121,Specificity_I_00070, 1, 0.0044, 0.349, 0.372 | PDLC03121,Specificity_I_00070, 2, 7.9e-05, 0.168, 0.173 | PDLC03074,Specificity_I_00023, 1, 900, 0.038, 0.039 | PDLC03074,Specificity_I_00023, 2, 5.8e-16, 0.618, 0.596 | PDLC03148,Specificity_I_00097, 1, 9.3e-07, 0.243, 0.223 | PDLC03148,Specificity_I_00097, 2, 2.7e-08, 0.214, 0.185 | PDLC03089,Specificity_I_00038, 1, 6.9e-17, 0.411, 0.383 | PDLC03089,Specificity_I_00038, 2, 6.4e-15, 0.394, 0.363 | PDLC03080,Specificity_I_00029, 1, 0.0045, 0.389, 0.273 | PDLC03080,Specificity_I_00029, 2, 5e-04, 0.411, 0.289 | PDLC03116,Specificity_I_00065, 1, 4.3, 0.233, 0.235 | PDLC03116,Specificity_I_00065, 2, 8.8e-08, 0.204, 0.203 | PDLC03096,Specificity_I_00045, 1, 8.9e-09, 0.346, 0.214 | PDLC03096,Specificity_I_00045, 2, 1.9e-11, 0.358, 0.225 | PDLC03073,Specificity_I_00022, 1, 1.3e-09, 0.447, 0.423 | PDLC03073,Specificity_I_00022, 2, 1.5e-23, 0.433, 0.412 | PDLC03200,Specificity_I_00149, 1, 0.23, 0.147, 0.321 | PDLC03200,Specificity_I_00149, 2, 5.4e-08, 0.236, 0.505 | PDLC03112,Specificity_I_00061, 1, 5.7e-06, 0.413, 0.479 | PDLC03112,Specificity_I_00061, 2, 3.9e-07, 0.397, 0.455 | PDLC03066,Specificity_I_00015, 1, 270, 0.108, 0.098 | PDLC03066,Specificity_I_00015, 2, 2.9e-06, 0.231, 0.22 | PDLC03066,Specificity_I_00015, 3, 2.3e-06, 0.137, 0.129 | PDLC03140,Specificity_I_00089, 1, 0.00084, 0.445, 0.44 | PDLC03085,Specificity_I_00034, 1, 21, 0.224, 0.231 | PDLC03085,Specificity_I_00034, 2, 0.33, 0.267, 0.257 | PDLC03068,Specificity_I_00017, 1, 3.2e-20, 0.421, 0.429 | PDLC03068,Specificity_I_00017, 2, 3.6e-14, 0.394, 0.397 | PDLC03061,Specificity_I_00010, 1, 77, 0.111, 0.128 | PDLC03061,Specificity_I_00010, 2, 1.5e-05, 0.32, 0.358 | PDLC03061,Specificity_I_00010, 3, 0.3, 0.089, 0.103 | PDLC03115,Specificity_I_00064, 1, 0.00021, 0.373, 0.329 | PDLC03115,Specificity_I_00064, 2, 0.19, 0.188, 0.16 | PDLC03166,Specificity_I_00115, 1, 3e-13, 0.387, 0.288 | PDLC03166,Specificity_I_00115, 2, 0.045, 0.445, 0.329 | PDLC03185,Specificity_I_00134, 1, 2.7e-16, 0.44, 0.444 | PDLC03185,Specificity_I_00134, 2, 2.5e-14, 0.457, 0.456 | PDLC03107,Specificity_I_00056, 1, 1.8e-41, 0.918, 0.954 | PDLC03138,Specificity_I_00087, 1, 2.4, 0.099, 0.085 | PDLC03138,Specificity_I_00087, 2, 150, 0.173, 0.151 | PDLC03138,Specificity_I_00087, 3, 6.5, 0.103, 0.089 | PDLC03146,Specificity_I_00095, 1, 1.2e-05, 0.327, 0.324 | PDLC03146,Specificity_I_00095, 2, 1.4e-09, 0.37, 0.352 | PDLC03038,MTase_I_00021, 1, 18, 0.099, 0.048 | PDLC03038,MTase_I_00021, 2, 0.032, 0.149, 0.069 | PDLC03133,Specificity_I_00082, 1, 4.5e-14, 0.245, 0.233 | PDLC03133,Specificity_I_00082, 2, 1.7, 0.188, 0.185 | PDLC03133,Specificity_I_00082, 3, 0.07, 0.125, 0.125 | PDLC03093,Specificity_I_00042, 1, 0.34, 0.127, 0.134 | PDLC03093,Specificity_I_00042, 2, 10, 0.096, 0.572 | PDLC03139,Specificity_I_00088, 1, 2.2e-09, 0.409, 0.384 | PDLC03139,Specificity_I_00088, 2, 0.0071, 0.166, 0.159 | PDLC03109,Specificity_I_00058, 1, 3.4e-14, 0.428, 0.321 | PDLC03109,Specificity_I_00058, 2, 1.5e-08, 0.488, 0.365 | PDLC03180,Specificity_I_00129, 1, 0.2, 0.12, 0.121 | PDLC03180,Specificity_I_00129, 2, 1.4, 0.12, 0.126 | PDLC03180,Specificity_I_00129, 3, 0.73, 0.082, 0.091 | PDLC03079,Specificity_I_00028, 1, 3.2e-12, 0.452, 0.404 | PDLC03079,Specificity_I_00028, 2, 1.3e-10, 0.445, 0.396 | PDLC03090,Specificity_I_00039, 1, 4.3e-25, 0.447, 0.415 | PDLC03090,Specificity_I_00039, 2, 2.2e-11, 0.457, 0.435 | PDLC03082,Specificity_I_00031, 1, 1100, 0.038, 0.043 | PDLC03082,Specificity_I_00031, 2, 0.86, 0.183, 0.212 | PDLC03082,Specificity_I_00031, 3, 0.00047, 0.163, 0.185 | PDLC03158,Specificity_I_00107, 1, 3.9e-36, 0.964, 0.94 | PDLC03167,Specificity_I_00116, 1, 0.23, 0.339, 0.257 | PDLC03167,Specificity_I_00116, 2, 4e-06, 0.387, 0.298 | PDLC03075,Specificity_I_00024, 1, 0.025, 0.264, 0.26 | PDLC03075,Specificity_I_00024, 2, 9e-06, 0.226, 0.226 | PDLC03075,Specificity_I_00024, 3, 0.15, 0.13, 0.607 | PDLC03177,Specificity_I_00126, 1, 2.1e-05, 0.26, 0.261 | PDLC03177,Specificity_I_00126, 2, 0.25, 0.322, 0.326 | PDLC03124,Specificity_I_00073, 1, 1.8e-11, 0.428, 0.416 | PDLC03124,Specificity_I_00073, 2, 7.8e-23, 0.442, 0.446 | PDLC03195,Specificity_I_00144, 1, 4.6e-10, 0.392, 0.307 | PDLC03195,Specificity_I_00144, 2, 0.00062, 0.137, 0.111 | PDLC03153,Specificity_I_00102, 1, 2.6e-07, 0.406, 0.424 | PDLC03153,Specificity_I_00102, 2, 9.8e-08, 0.269, 0.269 | PDLC03194,Specificity_I_00143, 1, 3.1e-17, 0.519, 0.527 | PDLC03194,Specificity_I_00143, 2, 0.00015, 0.142, 0.146 | PDLC03191,Specificity_I_00140, 1, 1, 0.308, 0.307 | PDLC03191,Specificity_I_00140, 2, 0.0014, 0.226, 0.227 | PDLC03078,Specificity_I_00027, 1, 1.9e-12, 0.425, 0.425 | PDLC03078,Specificity_I_00027, 2, 4e-16, 0.435, 0.43 | PDLC03126,Specificity_I_00075, 1, 6.6e-28, 0.877, 0.548 | PDLC03175,Specificity_I_00124, 1, 0.054, 0.101, 0.096 | PDLC03175,Specificity_I_00124, 2, 4.3e-06, 0.178, 0.169 | PDLC03186,Specificity_I_00135, 1, 1.2e-19, 0.971, 0.964 | PDLC03070,Specificity_I_00019, 1, 21, 0.132, 0.143 | PDLC03070,Specificity_I_00019, 2, 3.5e-05, 0.368, 0.354 | PDLC03070,Specificity_I_00019, 3, 0.0028, 0.151, 0.145 | PDLC03057,Specificity_I_00006, 1, 4.9e-25, 0.394, 0.393 | PDLC03057,Specificity_I_00006, 2, 9.9e-10, 0.382, 0.386 | PDLC03165,Specificity_I_00114, 1, 7.3e-12, 0.418, 0.409 | PDLC03165,Specificity_I_00114, 2, 5.3e-15, 0.438, 0.438 | PDLC03142,Specificity_I_00091, 1, 8.3e-18, 0.45, 0.398 | PDLC03142,Specificity_I_00091, 2, 0.48, 0.106, 0.091 | PDLC03122,Specificity_I_00071, 1, 0.00013, 0.236, 0.245 | PDLC03122,Specificity_I_00071, 2, 7.4e-07, 0.709, 0.736 | PDLC03174,Specificity_I_00123, 1, 0.7, 0.118, 0.098 | PDLC03174,Specificity_I_00123, 2, 2.7e-06, 0.358, 0.323 | PDLC03171,Specificity_I_00120, 1, 0.54, 0.387, 0.242 | PDLC03171,Specificity_I_00120, 2, 2e-06, 0.236, 0.145 | PDLC03171,Specificity_I_00120, 3, 0.0046, 0.231, 0.145 | PDLC03163,Specificity_I_00112, 1, 2.4e-13, 0.413, 0.41 | PDLC03163,Specificity_I_00112, 2, 0.00019, 0.161, 0.161 | PDLC03132,Specificity_I_00081, 1, 1.4, 0.065, 0.07 | PDLC03132,Specificity_I_00081, 2, 0.49, 0.062, 0.067 | PDLC03118,Specificity_I_00067, 1, 3e-39, 0.99, 0.993 | PDLC03184,Specificity_I_00133, 1, 0.01, 0.264, 0.195 | PDLC03184,Specificity_I_00133, 2, 0.17, 0.156, 0.114 | PDLC03164,Specificity_I_00113, 1, 2.1, 0.135, 0.13 | PDLC03164,Specificity_I_00113, 2, 0.0022, 0.185, 0.191 | PDLC03164,Specificity_I_00113, 3, 2.8e-13, 0.389, 0.391 | PDLC03147,Specificity_I_00096, 1, 820, 0.036, 0.035 | PDLC03147,Specificity_I_00096, 2, 0.89, 0.103, 0.093 | PDLC03147,Specificity_I_00096, 3, 1.4e-17, 0.49, 0.48 | PDLC03053,Specificity_I_00002, 1, 1.1e-07, 0.25, 0.262 | PDLC03053,Specificity_I_00002, 2, 1.4, 0.243, 0.249 | PDLC03053,Specificity_I_00002, 3, 47, 0.103, 0.111 | PDLC03129,Specificity_I_00078, 1, 5e-04, 0.204, 0.195 | PDLC03129,Specificity_I_00078, 2, 1.6e-05, 0.192, 0.188 | PDLC03179,Specificity_I_00128, 1, 2.3e-14, 0.442, 0.314 | PDLC03179,Specificity_I_00128, 2, 1.8e-14, 0.466, 0.328 | PDLC03092,Specificity_I_00041, 1, 1.5e-09, 0.262, 0.264 | PDLC03092,Specificity_I_00041, 2, 5.7e-06, 0.632, 0.665 | PDLC03071,Specificity_I_00020, 1, 10, 0.166, 0.16 | PDLC03071,Specificity_I_00020, 2, 1e-06, 0.276, 0.262 | PDLC03098,Specificity_I_00047, 1, 1e-53, 0.981, 0.939 | PDLC03076,Specificity_I_00025, 1, 2e-14, 0.387, 0.318 | PDLC03076,Specificity_I_00025, 2, 1.5e-09, 0.397, 0.33 | PDLC03154,Specificity_I_00103, 1, 5e-04, 0.245, 0.241 | PDLC03154,Specificity_I_00103, 2, 2e-06, 0.19, 0.197 | PDLC03154,Specificity_I_00103, 3, 1.3e-10, 0.394, 0.389 | PDLC03086,Specificity_I_00035, 1, 4.8e-05, 0.183, 0.168 | PDLC03086,Specificity_I_00035, 2, 1.4e-07, 0.224, 0.214 | PDLC03086,Specificity_I_00035, 3, 9.4e-14, 0.358, 0.319 | PDLC03123,Specificity_I_00072, 1, 7.2e-07, 0.32, 0.314 | PDLC03123,Specificity_I_00072, 2, 560, 0.079, 0.082 | PDLC03108,Specificity_I_00057, 1, 2.2e-32, 0.966, 0.892 | PDLC03062,Specificity_I_00011, 1, 0.0014, 0.322, 0.341 | PDLC03062,Specificity_I_00011, 2, 1.4e-05, 0.248, 0.259 | PDLC03062,Specificity_I_00011, 3, 0.13, 0.079, 0.077 | PDLC03196,Specificity_I_00145, 1, 1, 0.387, 0.213 | PDLC03196,Specificity_I_00145, 2, 0.0041, 0.291, 0.145 | PDLC03059,Specificity_I_00008, 1, 7.8e-06, 0.526, 0.539 | PDLC03059,Specificity_I_00008, 2, 1e-05, 0.385, 0.388 | PDLC03169,Specificity_I_00118, 1, 3.5e-29, 0.875, 0.807 | PDLC03136,Specificity_I_00085, 1, 43, 0.142, 0.19 | PDLC03136,Specificity_I_00085, 2, 0.28, 0.175, 0.231 | PDLC03162,Specificity_I_00111, 1, 8.7e-36, 0.928, 0.907 | PDLC03149,Specificity_I_00098, 1, 0.022, 0.197, 0.209 | PDLC03149,Specificity_I_00098, 2, 2.7e-05, 0.137, 0.142 | PDLC03103,Specificity_I_00052, 1, 2.3e-07, 0.425, 0.464 | PDLC03103,Specificity_I_00052, 2, 1.2e-05, 0.373, 0.38 | PDLC03064,Specificity_I_00013, 1, 5.7e-09, 0.425, 0.418 | PDLC03064,Specificity_I_00013, 2, 4.5e-08, 0.454, 0.443 | PDLC03055,Specificity_I_00004, 1, 0.00051, 0.168, 0.18 | PDLC03055,Specificity_I_00004, 2, 0.003, 0.329, 0.324 | PDLC03055,Specificity_I_00004, 3, 0.0042, 0.13, 0.135 | PDLC03055,Specificity_I_00004, 4, 250, 0.05, 0.052 | PDLC03069,Specificity_I_00018, 1, 1.4e-11, 0.445, 0.473 | PDLC03069,Specificity_I_00018, 2, 1.2e-07, 0.166, 0.178 | PDLC03100,Specificity_I_00049, 1, 7.6e-19, 0.447, 0.482 | PDLC03100,Specificity_I_00049, 2, 1.6e-25, 0.615, 0.638 | PDLC03106,Specificity_I_00055, 1, 0.62, 0.286, 0.275 | PDLC03106,Specificity_I_00055, 2, 1.1e-05, 0.127, 0.115 | PDLC03106,Specificity_I_00055, 3, 1.2e-08, 0.483, 0.466 | PDLC03157,Specificity_I_00106, 1, 2e-06, 0.377, 0.417 | PDLC03157,Specificity_I_00106, 2, 0.055, 0.123, 0.139 | PDLC03127,Specificity_I_00076, 1, 1.9e-10, 0.445, 0.331 | PDLC03127,Specificity_I_00076, 2, 2.5e-14, 0.447, 0.329 | PDLC03173,Specificity_I_00122, 1, 0.00057, 0.248, 0.222 | PDLC03173,Specificity_I_00122, 2, 6.3e-06, 0.262, 0.231 | PDLC03099,Specificity_I_00048, 1, 1.1e-24, 0.459, 0.462 | PDLC03099,Specificity_I_00048, 2, 1.2e-13, 0.635, 0.684 | PDLC03081,Specificity_I_00030, 1, 2e-09, 0.286, 0.278 | PDLC03081,Specificity_I_00030, 2, 3e-14, 0.642, 0.649 | PDLC03151,Specificity_I_00100, 1, 36, 0.13, 0.123 | PDLC03151,Specificity_I_00100, 2, 0.01, 0.322, 0.309 | PDLC03058,Specificity_I_00007, 1, 8.5e-13, 0.411, 0.43 | PDLC03058,Specificity_I_00007, 2, 0.012, 0.171, 0.181 | PDLC03189,Specificity_I_00138, 1, 6.4e-32, 0.921, 0.847 | PDLC03125,Specificity_I_00074, 1, 0.46, 0.279, 0.299 | PDLC03125,Specificity_I_00074, 2, 0.08, 0.192, 0.211 | PDLC03119,Specificity_I_00068, 1, 1.4e-49, 0.909, 0.944 | PDLC03054,Specificity_I_00003, 1, 3.1e-16, 0.74, 0.783 | PDLC03192,Specificity_I_00141, 1, 1.3e-08, 0.188, 0.179 | PDLC03192,Specificity_I_00141, 2, 2.4e-06, 0.269, 0.27 | PDLC03192,Specificity_I_00141, 3, 170, 0.065, 0.065 | PDLC03102,Specificity_I_00051, 1, 850, 0.038, 0.043 | PDLC03102,Specificity_I_00051, 2, 0.0056, 0.168, 0.178 | PDLC03102,Specificity_I_00051, 3, 0.022, 0.139, 0.154 | PDLC03110,Specificity_I_00059, 1, 3.1e-47, 0.668, 0.444 | PDLC03161,Specificity_I_00110, 1, 1.2e-05, 0.293, 0.291 | PDLC03161,Specificity_I_00110, 2, 4.8e-07, 0.209, 0.222 | PDLC03161,Specificity_I_00110, 3, 4.7e-07, 0.272, 0.296 | PDLC03159,Specificity_I_00108, 1, 1.2e-07, 0.541, 0.438 | PDLC03134,Specificity_I_00083, 1, 4.6e-29, 0.425, 0.409 | PDLC03134,Specificity_I_00083, 2, 0.00016, 0.394, 0.374 | PDLC03183,Specificity_I_00132, 1, 0.05, 0.197, 0.199 | PDLC03183,Specificity_I_00132, 2, 4.5, 0.103, 0.107 | PDLC03156,Specificity_I_00105, 1, 2.9e-16, 0.293, 0.288 | PDLC03156,Specificity_I_00105, 2, 3.5e-43, 0.635, 0.634 | PDLC03019,MTase_I_00002, 1, 6.6e-10, 0.469, 0.206 | PDLC03019,MTase_I_00002, 2, 1.3e-22, 0.423, 0.191 | PDLC03113,Specificity_I_00062, 1, 2.7e-32, 0.969, 0.96 | PDLC03144,Specificity_I_00093, 1, 6.6e-29, 0.885, 0.866 | PDLC03168,Specificity_I_00117, 1, 4.2e-15, 0.409, 0.364 | PDLC03168,Specificity_I_00117, 2, 3.2e-17, 0.399, 0.351 | PDLC03060,Specificity_I_00009, 1, 0.35, 0.358, 0.379 | PDLC03060,Specificity_I_00009, 2, 0.0015, 0.111, 0.116 | PDLC03077,Specificity_I_00026, 1, 1.3e-15, 0.387, 0.379 | PDLC03077,Specificity_I_00026, 2, 1.8e-12, 0.382, 0.369 | PDLC03176,Specificity_I_00125, 1, 7.2e-11, 0.988, 0.709 | PDLC03172,Specificity_I_00121, 1, 0.0013, 0.125, 0.121 | PDLC03172,Specificity_I_00121, 2, 0.00022, 0.269, 0.246 | PDLC03091,Specificity_I_00040, 1, 0.003, 0.135, 0.127 | PDLC03091,Specificity_I_00040, 2, 5.7e-09, 0.442, 0.428 | PDLC03170,Specificity_I_00119, 1, 0.0021, 0.127, 0.121 | PDLC03170,Specificity_I_00119, 2, 3.9e-15, 0.394, 0.378 | PDLC03170,Specificity_I_00119, 3, 0.37, 0.082, 0.078 | PDLC03114,Specificity_I_00063, 1, 4.7e-07, 0.44, 0.424 | PDLC03114,Specificity_I_00063, 2, 1.3e-05, 0.433, 0.412 | PDLC03084,Specificity_I_00033, 1, 5e-09, 0.334, 0.347 | PDLC03084,Specificity_I_00033, 2, 2e-04, 0.344, 0.342 | PDLC03105,Specificity_I_00054, 1, 2.6e-15, 0.447, 0.408 | PDLC03105,Specificity_I_00054, 2, 8.9e-15, 0.469, 0.44 | PDLC03101,Specificity_I_00050, 1, 5.1e-82, 0.974, 0.988 | PDLC03201,Specificity_I_00150, 1, 0.0029, 0.454, 0.915 | PDLC03087,Specificity_I_00036, 1, 3.7e-27, 0.445, 0.447 | PDLC03087,Specificity_I_00036, 2, 2.7e-27, 0.486, 0.483 | PDLC03178,Specificity_I_00127, 1, 2.5e-20, 0.452, 0.462 | PDLC03178,Specificity_I_00127, 2, 4.3e-15, 0.49, 0.474 | PDLC03182,Specificity_I_00131, 1, 2.5e-05, 0.474, 0.48 | PDLC03182,Specificity_I_00131, 2, 0.022, 0.132, 0.125 | PDLC03072,Specificity_I_00021, 1, 6.4e-13, 0.45, 0.417 | PDLC03072,Specificity_I_00021, 2, 1.1e-19, 0.416, 0.391 | PDLC03193,Specificity_I_00142, 1, 1.4e-16, 0.365, 0.386 | PDLC03193,Specificity_I_00142, 2, 23, 0.159, 0.169 | PDLC03199,Specificity_I_00148, 1, 0.0049, 0.322, 0.649 | PDLC03199,Specificity_I_00148, 2, 12, 0.139, 0.279 | PDLC03032,MTase_I_00015, 1, 0.97, 0.421, 0.175 | PDLC03032,MTase_I_00015, 2, 1.9e-05, 0.483, 0.199","PDLC03101, Specificity_I_00050, 5.1e-82, 0.974, 0.988 | PDLC03098, Specificity_I_00047, 1e-53, 0.981, 0.939 | PDLC03119, Specificity_I_00068, 1.4e-49, 0.909, 0.944 | PDLC03110, Specificity_I_00059, 3.1e-47, 0.668, 0.444 | PDLC03156, Specificity_I_00105, 3.5e-43, 0.635, 0.634"
1,JAYIPV010000002.1,PDC-S13,JAYIPV010000002.1_28,PDLC04920,PDC-S13_WP_097300085.1,PDC-S13,1e-59,1.4000000000000001e-59,0.877,0.909,35357,36211,-,-,28,378,"PDLC04920,PDC-S13_WP_097300085.1, 1, 1.4e-59, 0.877, 0.909 | PDLC04918,PDC-S13_WP_217993064.1, 1, 9.8e-57, 0.456, 0.603 | PDLC04919,PDC-S13_WP_186842295.1, 1, 1.4e-56, 0.526, 0.527","PDLC04920, PDC-S13_WP_097300085.1, 1.4e-59, 0.877, 0.909 | PDLC04918, PDC-S13_WP_217993064.1, 9.8e-57, 0.456, 0.603 | PDLC04919, PDC-S13_WP_186842295.1, 1.4e-56, 0.526, 0.527"
2,JAYIPV010000002.1,RM_type_I,JAYIPV010000002.1_29,PDLC03022,MTase_I_00005,MTase_I,2.3999999999999992e-132,3.599999999999999e-132,0.924,0.565,36204,37712,-,-,29,378,"PDLC03028,MTase_I_00011, 1, 2.5e-77, 0.938, 0.392 | PDLC03031,MTase_I_00014, 1, 4.9e-118, 0.905, 0.578 | PDLC03021,MTase_I_00004, 1, 2.7e-57, 0.913, 0.931 | PDLC03020,MTase_I_00003, 1, 4e-56, 0.738, 0.949 | PDLC03038,MTase_I_00021, 1, 3.7e-92, 0.948, 0.525 | PDLC03029,MTase_I_00012, 1, 1.2e-58, 0.843, 0.673 | PDLC03027,MTase_I_00010, 1, 6e-132, 0.922, 0.548 | PDLC03037,MTase_I_00020, 1, 5.1e-24, 0.465, 0.297 | PDLC03018,MTase_I_00001, 1, 1e-10, 0.133, 0.085 | PDLC03018,MTase_I_00001, 2, 0.0015, 0.113, 0.072 | PDLC03018,MTase_I_00001, 3, 0.96, 0.133, 0.089 | PDLC03039,MTase_I_00022, 1, 2.6e-87, 0.913, 0.638 | PDLC03036,MTase_I_00019, 1, 2e-15, 0.479, 0.389 | PDLC03035,MTase_I_00018, 1, 2.8e-50, 0.803, 0.617 | PDLC03035,MTase_I_00018, 2, 1.8, 0.107, 0.09 | PDLC03022,MTase_I_00005, 1, 3.6e-132, 0.924, 0.565 | PDLC03026,MTase_I_00009, 1, 1.2e-44, 0.843, 0.815 | PDLC03023,MTase_I_00006, 1, 0.035, 0.149, 0.101 | PDLC03023,MTase_I_00006, 2, 220, 0.052, 0.035 | PDLC03033,MTase_I_00016, 1, 8.7e-50, 0.742, 0.704 | PDLC03025,MTase_I_00008, 1, 1.1e-33, 0.59, 0.508 | PDLC03025,MTase_I_00008, 2, 290, 0.109, 0.093 | PDLC03034,MTase_I_00017, 1, 2.5e-06, 0.113, 0.08 | PDLC03034,MTase_I_00017, 2, 3.2e-05, 0.229, 0.17 | PDLC03019,MTase_I_00002, 1, 2.4e-66, 0.942, 0.508 | PDLC03030,MTase_I_00013, 1, 0.1, 0.262, 0.228 | PDLC03030,MTase_I_00013, 2, 5.7, 0.117, 0.099 | PDLC03032,MTase_I_00015, 1, 2.5e-101, 0.922, 0.446","PDLC03022, MTase_I_00005, 3.6e-132, 0.924, 0.565 | PDLC03027, MTase_I_00010, 6e-132, 0.922, 0.548 | PDLC03031, MTase_I_00014, 4.9e-118, 0.905, 0.578 | PDLC03032, MTase_I_00015, 2.5e-101, 0.922, 0.446 | PDLC03038, MTase_I_00021, 3.7e-92, 0.948, 0.525"
2,JAYIPV010000002.1,RM_type_I,JAYIPV010000002.1_30,PDLC03199,Specificity_I_00148,Specificity_I,4.9e-10,6e-10,0.862,0.793,37730,38317,-,-,30,378,"PDLC03111,Specificity_I_00060, 1, 340, 0.092, 0.087 | PDLC03111,Specificity_I_00060, 2, 0.02, 0.5, 0.488 | PDLC03117,Specificity_I_00066, 1, 0.0016, 0.357, 0.137 | PDLC03094,Specificity_I_00043, 1, 0.00011, 0.398, 0.203 | PDLC03148,Specificity_I_00097, 1, 4e-05, 0.413, 0.17 | PDLC03089,Specificity_I_00038, 1, 8.1e-10, 0.745, 0.325 | PDLC03096,Specificity_I_00045, 1, 0.00033, 0.413, 0.123 | PDLC03073,Specificity_I_00022, 1, 6.7e-07, 0.837, 0.375 | PDLC03200,Specificity_I_00149, 1, 0.0089, 0.449, 0.458 | PDLC03112,Specificity_I_00061, 1, 8.8e-05, 0.485, 0.249 | PDLC03066,Specificity_I_00015, 1, 77, 0.352, 0.143 | PDLC03066,Specificity_I_00015, 2, 0.016, 0.342, 0.15 | PDLC03068,Specificity_I_00017, 1, 5.8e-10, 0.755, 0.362 | PDLC03185,Specificity_I_00134, 1, 0.0036, 0.755, 0.358 | PDLC03107,Specificity_I_00056, 1, 3.1e-09, 0.827, 0.398 | PDLC03146,Specificity_I_00095, 1, 0.051, 0.321, 0.645 | PDLC03109,Specificity_I_00058, 1, 0.0093, 0.684, 0.244 | PDLC03079,Specificity_I_00028, 1, 1.3e-06, 0.495, 0.2 | PDLC03090,Specificity_I_00039, 1, 1.5e-08, 0.592, 0.263 | PDLC03153,Specificity_I_00102, 1, 0.0037, 0.49, 0.23 | PDLC03194,Specificity_I_00143, 1, 1.9e-05, 0.515, 0.253 | PDLC03078,Specificity_I_00027, 1, 0.0045, 0.663, 0.313 | PDLC03070,Specificity_I_00019, 1, 0.03, 0.505, 0.218 | PDLC03057,Specificity_I_00006, 1, 0.0024, 0.429, 0.206 | PDLC03171,Specificity_I_00120, 1, 0.0063, 0.362, 0.113 | PDLC03118,Specificity_I_00067, 1, 0.0011, 0.296, 0.137 | PDLC03164,Specificity_I_00113, 1, 0.0045, 0.347, 0.164 | PDLC03179,Specificity_I_00128, 1, 4.5e-07, 0.658, 0.217 | PDLC03092,Specificity_I_00041, 1, 3.6, 0.337, 0.166 | PDLC03092,Specificity_I_00041, 2, 4.6, 0.306, 0.146 | PDLC03098,Specificity_I_00047, 1, 0.00039, 0.49, 0.212 | PDLC03076,Specificity_I_00025, 1, 4.6e-05, 0.546, 0.215 | PDLC03154,Specificity_I_00103, 1, 4.8e-07, 0.474, 0.222 | PDLC03086,Specificity_I_00035, 1, 7.7e-09, 0.587, 0.249 | PDLC03108,Specificity_I_00057, 1, 2.8e-05, 0.434, 0.186 | PDLC03196,Specificity_I_00145, 1, 0.0087, 0.383, 0.092 | PDLC03169,Specificity_I_00118, 1, 1e-05, 0.485, 0.206 | PDLC03162,Specificity_I_00111, 1, 2.6e-06, 0.423, 0.188 | PDLC03064,Specificity_I_00013, 1, 0.065, 0.556, 0.254 | PDLC03069,Specificity_I_00018, 1, 3.8e-11, 0.74, 0.377 | PDLC03100,Specificity_I_00049, 1, 8.8e-12, 0.832, 0.426 | PDLC03157,Specificity_I_00106, 1, 0.0015, 0.403, 0.213 | PDLC03127,Specificity_I_00076, 1, 6.2e-05, 0.714, 0.249 | PDLC03120,Specificity_I_00069, 1, 0.00088, 0.48, 0.181 | PDLC03099,Specificity_I_00048, 1, 320, 0.184, 0.091 | PDLC03099,Specificity_I_00048, 2, 2e-04, 0.357, 0.16 | PDLC03141,Specificity_I_00090, 1, 2e-04, 0.393, 0.207 | PDLC03189,Specificity_I_00138, 1, 1.1e-06, 0.658, 0.277 | PDLC03119,Specificity_I_00068, 1, 1.5e-05, 0.566, 0.293 | PDLC03110,Specificity_I_00059, 1, 0.041, 0.434, 0.13 | PDLC03156,Specificity_I_00105, 1, 0.004, 0.862, 0.397 | PDLC03113,Specificity_I_00062, 1, 4.5e-06, 0.571, 0.265 | PDLC03144,Specificity_I_00093, 1, 5.2e-05, 0.515, 0.271 | PDLC03168,Specificity_I_00117, 1, 7.6e-08, 0.796, 0.333 | PDLC03077,Specificity_I_00026, 1, 1.1e-05, 0.689, 0.314 | PDLC03114,Specificity_I_00063, 1, 0.025, 0.224, 0.107 | PDLC03084,Specificity_I_00033, 1, 6e-04, 0.76, 0.388 | PDLC03105,Specificity_I_00054, 1, 4.3e-09, 0.837, 0.357 | PDLC03101,Specificity_I_00050, 1, 0.00049, 0.362, 0.173 | PDLC03087,Specificity_I_00036, 1, 2.9e-06, 0.77, 0.366 | PDLC03178,Specificity_I_00127, 1, 1.9e-06, 0.663, 0.316 | PDLC03072,Specificity_I_00021, 1, 1e-08, 0.745, 0.324 | PDLC03199,Specificity_I_00148, 1, 6e-10, 0.862, 0.793","PDLC03100, Specificity_I_00049, 8.8e-12, 0.832, 0.426 | PDLC03069, Specificity_I_00018, 3.8e-11, 0.74, 0.377 | PDLC03068, Specificity_I_00017, 5.8e-10, 0.755, 0.362 | PDLC03199, Specificity_I_00148, 6e-10, 0.862, 0.793 | PDLC03089, Specificity_I_00038, 8.1e-10, 0.745, 0.325"
3,JAYIPV010000005.1,HEC-01,JAYIPV010000005.1_135,PDLC04210,HEC-01B_WP_071536491.1,HEC-01B,1.1e-14,1.5e-14,0.688,0.664,147619,148263,-,-,135,166,"PDLC04191,HEC-01B_WP_108373334.1, 1, 0.0081, 0.298, 0.302 | PDLC04191,HEC-01B_WP_108373334.1, 2, 460, 0.116, 0.135 | PDLC04197,HEC-01B_WP_138974980.1, 1, 360, 0.07, 0.078 | PDLC04197,HEC-01B_WP_138974980.1, 2, 3e-04, 0.447, 0.448 | PDLC04205,HEC-01B_WP_210225848.1, 1, 0.0011, 0.344, 0.347 | PDLC04210,HEC-01B_WP_071536491.1, 1, 1.5e-14, 0.688, 0.664 | PDLC04211,HEC-01B_WP_079384264.1, 1, 0.0098, 0.377, 0.509 | PDLC04185,HEC-01B_WP_225908638.1, 1, 0.8, 0.149, 0.17 | PDLC04185,HEC-01B_WP_225908638.1, 2, 37, 0.149, 0.176 | PDLC04212,HEC-01B_WP_101726552.1, 1, 0.012, 0.66, 0.653 | PDLC04206,HEC-01B_WP_118569729.1, 1, 0.035, 0.265, 0.26","PDLC04210, HEC-01B_WP_071536491.1, 1.5e-14, 0.688, 0.664 | PDLC04197, HEC-01B_WP_138974980.1, 3e-04, 0.447, 0.448 | PDLC04205, HEC-01B_WP_210225848.1, 0.0011, 0.344, 0.347 | PDLC04191, HEC-01B_WP_108373334.1, 0.0081, 0.298, 0.302 | PDLC04211, HEC-01B_WP_079384264.1, 0.0098, 0.377, 0.509"
3,JAYIPV010000005.1,HEC-01,JAYIPV010000005.1_136,PDLC04184,HEC-01A_WP_097318232.1,HEC-01A,1.5999999999999997e-94,1.9999999999999996e-94,0.899,0.929,148260,149678,-,-,136,166,"PDLC04180,HEC-01A_WP_062996032.1, 1, 0.00021, 0.114, 0.144 | PDLC04180,HEC-01A_WP_062996032.1, 2, 7.6e-13, 0.357, 0.432 | PDLC04175,HEC-01A_WP_211640766.1, 1, 3.9e-06, 0.112, 0.146 | PDLC04175,HEC-01A_WP_211640766.1, 2, 2.9e-22, 0.406, 0.51 | PDLC04182,HEC-01A_WP_105482478.1, 1, 0.00028, 0.08, 0.094 | PDLC04182,HEC-01A_WP_105482478.1, 2, 1.9e-26, 0.4, 0.446 | PDLC04179,HEC-01A_WP_123852116.1, 1, 1.8e-06, 0.118, 0.122 | PDLC04179,HEC-01A_WP_123852116.1, 2, 6.1e-09, 0.351, 0.344 | PDLC04184,HEC-01A_WP_097318232.1, 1, 2e-94, 0.899, 0.929 | PDLC04174,HEC-01A_WP_202806903.1, 1, 3.8e-14, 0.41, 0.716 | PDLC04183,HEC-01A_WP_193205907.1, 1, 3.4e-08, 0.125, 0.144 | PDLC04183,HEC-01A_WP_193205907.1, 2, 1.3e-13, 0.414, 0.468 | PDLC04177,HEC-01A_WP_199302758.1, 1, 0.0038, 0.068, 0.081 | PDLC04177,HEC-01A_WP_199302758.1, 2, 3.3e-19, 0.317, 0.354 | PDLC04176,HEC-01A_WP_157306701.1, 1, 4.7e-08, 0.121, 0.156 | PDLC04176,HEC-01A_WP_157306701.1, 2, 2e-16, 0.374, 0.45 | PDLC04178,HEC-01A_WP_002628442.1, 1, 6.4e-07, 0.123, 0.143 | PDLC04178,HEC-01A_WP_002628442.1, 2, 1.1e-21, 0.374, 0.434 | PDLC04144,HEC-01B_WP_231583829.1, 1, 0.094, 0.099, 0.119 | PDLC04144,HEC-01B_WP_231583829.1, 2, 1.1e-12, 0.366, 0.418","PDLC04184, HEC-01A_WP_097318232.1, 2e-94, 0.899, 0.929 | PDLC04182, HEC-01A_WP_105482478.1, 1.9e-26, 0.4, 0.446 | PDLC04175, HEC-01A_WP_211640766.1, 2.9e-22, 0.406, 0.51 | PDLC04178, HEC-01A_WP_002628442.1, 1.1e-21, 0.374, 0.434 | PDLC04177, HEC-01A_WP_199302758.1, 3.3e-19, 0.317, 0.354"
4,JAYIPV010000006.1,argonaute_type_I,JAYIPV010000006.1_107,PDLC02377,pAgo_WP_100483095.1,pAgo_I,1.7999999999999992e-205,1.999999999999999e-205,0.986,0.996,123350,124798,-,-,107,152,"PDLC02420,pAgo_WP_022787370.1, 1, 1.4e-91, 0.969, 0.455 | PDLC02377,pAgo_WP_100483095.1, 1, 2e-205, 0.986, 0.996 | PDLC02378,pAgo_WP_070666724.1, 1, 9.8e-07, 0.275, 0.262 | PDLC02378,pAgo_WP_070666724.1, 2, 1e-35, 0.621, 0.576 | PDLC02376,pAgo_WP_068133589.1, 1, 1.1e-64, 0.971, 0.991","PDLC02377, pAgo_WP_100483095.1, 2e-205, 0.986, 0.996 | PDLC02420, pAgo_WP_022787370.1, 1.4e-91, 0.969, 0.455 | PDLC02376, pAgo_WP_068133589.1, 1.1e-64, 0.971, 0.991 | PDLC02378, pAgo_WP_070666724.1, 1e-35, 0.621, 0.576"
4,JAYIPV010000006.1,argonaute_type_I,JAYIPV010000006.1_108,PDLC02419,SIR2-PNTD1-PNTD2,Aga_SIR2-PNTD1-PNTD2,4.199999999999998e-216,5.199999999999998e-216,0.952,0.993,124798,126666,-,-,108,152,"PDLC02401,pAgo-associated_WP_005988489.1, 1, 4.6e-209, 0.909, 0.992 | PDLC02402,pAgo-associated_WP_028057923.1, 1, 8.2e-26, 0.441, 0.304 | PDLC02420,pAgo_WP_022787370.1, 1, 1.4e-60, 0.693, 0.415 | PDLC02420,pAgo_WP_022787370.1, 2, 73, 0.047, 0.029 | PDLC02419,SIR2-PNTD1-PNTD2, 1, 5.2e-216, 0.952, 0.993 | PDLC02418,SIR2-Kinase-PNTD1-PNTD2, 1, 1.2e-08, 0.177, 0.146","PDLC02419, SIR2-PNTD1-PNTD2, 5.2e-216, 0.952, 0.993 | PDLC02401, pAgo-associated_WP_005988489.1, 4.6e-209, 0.909, 0.992 | PDLC02420, pAgo_WP_022787370.1, 1.4e-60, 0.693, 0.415 | PDLC02402, pAgo-associated_WP_028057923.1, 8.2e-26, 0.441, 0.304 | PDLC02418, SIR2-Kinase-PNTD1-PNTD2, 1.2e-08, 0.177, 0.146"
6,JAYIPV010000008.1,PDC-M41,JAYIPV010000008.1_38,PDLC04638,PDC-M41A_WP_004445190.1,PDC-M41A,1.2e-12,2.5e-12,0.588,0.585,38119,38949,+,-,38,117,"PDLC04638,PDC-M41A_WP_004445190.1, 1, 2.5e-12, 0.588, 0.585 | PDLC04635,PDC-M41A_WP_190546191.1, 1, 0.0038, 0.531, 0.56 | PDLC04635,PDC-M41A_WP_190546191.1, 2, 0.8, 0.112, 0.104 | PDLC04636,PDC-M41A_WP_146684368.1, 1, 3.4e-05, 0.534, 0.548 | PDLC04636,PDC-M41A_WP_146684368.1, 2, 6.2, 0.116, 0.11","PDLC04638, PDC-M41A_WP_004445190.1, 2.5e-12, 0.588, 0.585 | PDLC04636, PDC-M41A_WP_146684368.1, 3.4e-05, 0.534, 0.548 | PDLC04635, PDC-M41A_WP_190546191.1, 0.0038, 0.531, 0.56"
5,JAYIPV010000008.1,PDC-M30,JAYIPV010000008.1_39,PDLC04569,PDC-M30B_WP_013406987.1,PDC-M30B,6.499999999999999e-88,7.199999999999999e-88,0.976,0.805,39350,39970,+,-,39,117,"PDLC04569,PDC-M30B_WP_013406987.1, 1, 7.2e-88, 0.976, 0.805","PDLC04569, PDC-M30B_WP_013406987.1, 7.2e-88, 0.976, 0.805"
6,JAYIPV010000008.1,PDC-M41,JAYIPV010000008.1_39,PDLC04639,PDC-M41B_WP_004445184.1,PDC-M41B,8.299999999999999e-86,9.199999999999998e-86,0.981,0.809,39350,39970,+,-,39,117,"PDLC04639,PDC-M41B_WP_004445184.1, 1, 9.2e-86, 0.981, 0.809","PDLC04639, PDC-M41B_WP_004445184.1, 9.2e-86, 0.981, 0.809"
5,JAYIPV010000008.1,PDC-M30,JAYIPV010000008.1_40,PDLC04566,PDC-M30A_WP_135777948.1,PDC-M30A,7.4e-20,1e-19,0.652,0.691,39984,41252,+,-,40,117,"PDLC04567,PDC-M30A_WP_062231940.1, 1, 6.4e-09, 0.655, 0.717 | PDLC04566,PDC-M30A_WP_135777948.1, 1, 1e-19, 0.652, 0.691","PDLC04566, PDC-M30A_WP_135777948.1, 1e-19, 0.652, 0.691 | PDLC04567, PDC-M30A_WP_062231940.1, 6.4e-09, 0.655, 0.717"
8,JAYIPV010000012.1,RM_type_I,JAYIPV010000012.1_19,PDLC03029,MTase_I_00012,MTase_I,3.899999999999998e-267,4.399999999999998e-267,0.995,0.995,18487,20673,+,-,19,84,"PDLC03028,MTase_I_00011, 1, 7.8e-32, 0.643, 0.361 | PDLC03031,MTase_I_00014, 1, 6.5e-47, 0.65, 0.559 | PDLC03021,MTase_I_00004, 1, 6.6e-32, 0.473, 0.64 | PDLC03020,MTase_I_00003, 1, 70, 0.043, 0.076 | PDLC03020,MTase_I_00003, 2, 1.5e-14, 0.358, 0.6 | PDLC03038,MTase_I_00021, 1, 3.4e-31, 0.591, 0.44 | PDLC03029,MTase_I_00012, 1, 4.4e-267, 0.995, 0.995 | PDLC03027,MTase_I_00010, 1, 54, 0.044, 0.04 | PDLC03027,MTase_I_00010, 2, 1.5e-39, 0.414, 0.342 | PDLC03037,MTase_I_00020, 1, 0.0018, 0.305, 0.256 | PDLC03018,MTase_I_00001, 1, 0.0013, 0.123, 0.103 | PDLC03018,MTase_I_00001, 2, 2.5, 0.041, 0.04 | PDLC03039,MTase_I_00022, 1, 3.8e-27, 0.462, 0.435 | PDLC03036,MTase_I_00019, 1, 4.3e-14, 0.403, 0.435 | PDLC03035,MTase_I_00018, 1, 9.8e-34, 0.641, 0.66 | PDLC03022,MTase_I_00005, 1, 1.1e-41, 0.608, 0.504 | PDLC03026,MTase_I_00009, 1, 3.2e-29, 0.473, 0.653 | PDLC03033,MTase_I_00016, 1, 7.2e-24, 0.412, 0.518 | PDLC03025,MTase_I_00008, 1, 2e-17, 0.424, 0.494 | PDLC03019,MTase_I_00002, 1, 3.7e-32, 0.579, 0.412 | PDLC03030,MTase_I_00013, 1, 0.0012, 0.093, 0.11 | PDLC03030,MTase_I_00013, 2, 760, 0.03, 0.033 | PDLC03032,MTase_I_00015, 1, 4.7e-27, 0.413, 0.275","PDLC03029, MTase_I_00012, 4.4e-267, 0.995, 0.995 | PDLC03031, MTase_I_00014, 6.5e-47, 0.65, 0.559 | PDLC03022, MTase_I_00005, 1.1e-41, 0.608, 0.504 | PDLC03027, MTase_I_00010, 1.5e-39, 0.414, 0.342 | PDLC03035, MTase_I_00018, 9.8e-34, 0.641, 0.66"
7,JAYIPV010000012.1,PDC-S05,JAYIPV010000012.1_20,PDLC04852,PDC-S05_WP_110807286.1,PDC-S05,1.0999999999999996e-138,1.3999999999999997e-138,0.923,0.98,20670,21764,+,-,20,84,"PDLC04875,PDC-S05_WP_187536628.1, 1, 3.7e-17, 0.266, 0.764 | PDLC04875,PDC-S05_WP_187536628.1, 2, 7.1, 0.082, 0.26 | PDLC04882,PDC-S05_WP_200471277.1, 1, 0.00018, 0.181, 0.775 | PDLC04843,PDC-S05_WP_181573034.1, 1, 2.1e-96, 0.893, 0.97 | PDLC04877,PDC-S05_WP_126307469.1, 1, 5.2e-15, 0.173, 0.793 | PDLC04850,PDC-S05_WP_191092432.1, 1, 4.8e-05, 0.173, 0.733 | PDLC04864,PDC-S05_WP_222427554.1, 1, 3e-109, 0.751, 0.971 | PDLC04873,PDC-S05_WP_017455060.1, 1, 2.8e-37, 0.299, 0.931 | PDLC04884,PDC-S05_WP_026981758.1, 1, 3.4e-19, 0.197, 0.871 | PDLC04844,PDC-S05_WP_008569830.1, 1, 1e-23, 0.244, 0.587 | PDLC04871,PDC-S05_WP_231564492.1, 1, 1.6e-94, 0.833, 0.665 | PDLC04870,PDC-S05_WP_135110477.1, 1, 7e-77, 0.556, 0.949 | PDLC04863,PDC-S05_WP_104509157.1, 1, 7.4e-05, 0.164, 0.676 | PDLC04872,PDC-S05_WP_106707341.1, 1, 6.1e-48, 0.345, 0.842 | PDLC04851,PDC-S05_WP_020395932.1, 1, 8.1e-121, 0.877, 0.95 | PDLC04883,PDC-S05_WP_220413105.1, 1, 5.5e-14, 0.189, 0.816 | PDLC04868,PDC-S05_WP_205747975.1, 1, 1.5e-106, 0.847, 0.943 | PDLC04845,PDC-S05_WP_210384770.1, 1, 8.5e-20, 0.307, 0.607 | PDLC04845,PDC-S05_WP_210384770.1, 2, 390, 0.06, 0.115 | PDLC04845,PDC-S05_WP_210384770.1, 3, 59, 0.06, 0.115 | PDLC04874,PDC-S05_WP_205904899.1, 1, 1.1e-34, 0.345, 0.745 | PDLC04854,PDC-S05_WP_190995815.1, 1, 2.1e-50, 0.452, 0.774 | PDLC04865,PDC-S05_WP_206196814.1, 1, 1.1e-20, 0.233, 0.956 | PDLC04880,PDC-S05_WP_050949286.1, 1, 8.2e-10, 0.126, 0.873 | PDLC04861,PDC-S05_WP_205729986.1, 1, 5.9e-28, 0.205, 0.928 | PDLC04853,PDC-S05_WP_228444512.1, 1, 1.9e-129, 0.893, 0.961 | PDLC04855,PDC-S05_WP_179358254.1, 1, 5.8e-11, 0.148, 0.659 | PDLC04879,PDC-S05_WP_091962608.1, 1, 1.3e-37, 0.334, 0.428 | PDLC04885,PDC-S05_WP_002697025.1, 1, 2.9e-27, 0.263, 0.891 | PDLC04867,PDC-S05_WP_204355478.1, 1, 2.4e-19, 0.216, 0.871 | PDLC04858,PDC-S05_WP_065233724.1, 1, 1.4e-38, 0.342, 0.899 | PDLC04847,PDC-S05_WP_224134658.1, 1, 2e-30, 0.238, 0.856 | PDLC04881,PDC-S05_WP_108603569.1, 1, 4e-20, 0.197, 0.902 | PDLC04860,PDC-S05_WP_055170183.1, 1, 4.4e-15, 0.175, 0.454 | PDLC04848,PDC-S05_WP_138764285.1, 1, 2.8e-40, 0.381, 0.485 | PDLC04852,PDC-S05_WP_110807286.1, 1, 1.4e-138, 0.923, 0.98 | PDLC04859,PDC-S05_WP_215891945.1, 1, 6.5e-20, 0.2, 0.714 | PDLC04859,PDC-S05_WP_215891945.1, 2, 3000, 0.022, 0.076 | PDLC04876,PDC-S05_WP_205197604.1, 1, 1.9e-64, 0.441, 0.943 | PDLC04857,PDC-S05_WP_200872712.1, 1, 2.4e-09, 0.197, 0.393","PDLC04852, PDC-S05_WP_110807286.1, 1.4e-138, 0.923, 0.98 | PDLC04853, PDC-S05_WP_228444512.1, 1.9e-129, 0.893, 0.961 | PDLC04851, PDC-S05_WP_020395932.1, 8.1e-121, 0.877, 0.95 | PDLC04864, PDC-S05_WP_222427554.1, 3e-109, 0.751, 0.971 | PDLC04868, PDC-S05_WP_205747975.1, 1.5e-106, 0.847, 0.943"
8,JAYIPV010000012.1,RM_type_I,JAYIPV010000012.1_21,PDLC03072,Specificity_I_00021,Specificity_I,6.299999999999999e-111,8.299999999999999e-111,0.966,0.931,21761,23077,+,-,21,84,"PDLC03117,Specificity_I_00066, 1, 1.4e-15, 0.572, 0.44 | PDLC03188,Specificity_I_00137, 1, 5.1e-43, 0.399, 0.389 | PDLC03188,Specificity_I_00137, 2, 1.7, 0.169, 0.159 | PDLC03187,Specificity_I_00136, 1, 0.026, 0.125, 0.136 | PDLC03187,Specificity_I_00136, 2, 3.6, 0.137, 0.158 | PDLC03074,Specificity_I_00023, 1, 0.00014, 0.31, 0.304 | PDLC03074,Specificity_I_00023, 2, 160, 0.041, 0.044 | PDLC03148,Specificity_I_00097, 1, 5.6e-11, 0.711, 0.7 | PDLC03089,Specificity_I_00038, 1, 5.5e-09, 0.278, 0.287 | PDLC03089,Specificity_I_00038, 2, 3.7e-09, 0.383, 0.363 | PDLC03096,Specificity_I_00045, 1, 4.3e-13, 0.405, 0.26 | PDLC03096,Specificity_I_00045, 2, 1e-08, 0.392, 0.257 | PDLC03073,Specificity_I_00022, 1, 2.5e-13, 0.358, 0.346 | PDLC03073,Specificity_I_00022, 2, 9.3e-45, 0.718, 0.689 | PDLC03145,Specificity_I_00094, 1, 0.00057, 0.219, 0.205 | PDLC03145,Specificity_I_00094, 2, 240, 0.032, 0.031 | PDLC03145,Specificity_I_00094, 3, 0.0069, 0.312, 0.297 | PDLC03140,Specificity_I_00089, 1, 5.9e-13, 0.251, 0.258 | PDLC03140,Specificity_I_00089, 2, 0.036, 0.05, 0.053 | PDLC03140,Specificity_I_00089, 3, 0.00034, 0.121, 0.127 | PDLC03068,Specificity_I_00017, 1, 4.1e-13, 0.554, 0.6 | PDLC03068,Specificity_I_00017, 2, 0.00023, 0.237, 0.241 | PDLC03115,Specificity_I_00064, 1, 1.3, 0.13, 0.123 | PDLC03115,Specificity_I_00064, 2, 0.72, 0.132, 0.126 | PDLC03185,Specificity_I_00134, 1, 6.6e-06, 0.223, 0.228 | PDLC03185,Specificity_I_00134, 2, 1.1e-05, 0.38, 0.39 | PDLC03107,Specificity_I_00056, 1, 2e-34, 0.827, 0.852 | PDLC03146,Specificity_I_00095, 1, 7.1e-05, 0.221, 0.219 | PDLC03146,Specificity_I_00095, 2, 7, 0.198, 0.2 | PDLC03093,Specificity_I_00042, 1, 96, 0.023, 0.027 | PDLC03093,Specificity_I_00042, 2, 150, 0.084, 0.102 | PDLC03093,Specificity_I_00042, 3, 4.7e-05, 0.137, 0.155 | PDLC03093,Specificity_I_00042, 4, 0.083, 0.134, 0.16 | PDLC03139,Specificity_I_00088, 1, 46, 0.144, 0.148 | PDLC03139,Specificity_I_00088, 2, 4.2e-09, 0.658, 0.67 | PDLC03109,Specificity_I_00058, 1, 8e-05, 0.28, 0.212 | PDLC03109,Specificity_I_00058, 2, 5.5, 0.2, 0.147 | PDLC03109,Specificity_I_00058, 3, 2.8e-10, 0.323, 0.242 | PDLC03180,Specificity_I_00129, 1, 0.00047, 0.46, 0.438 | PDLC03079,Specificity_I_00028, 1, 2.8e-25, 0.444, 0.421 | PDLC03079,Specificity_I_00028, 2, 1.3e-10, 0.478, 0.419 | PDLC03090,Specificity_I_00039, 1, 380, 0.023, 0.023 | PDLC03090,Specificity_I_00039, 2, 4e-51, 0.759, 0.744 | PDLC03158,Specificity_I_00107, 1, 0.018, 0.287, 0.293 | PDLC03158,Specificity_I_00107, 2, 380, 0.077, 0.079 | PDLC03158,Specificity_I_00107, 3, 4.4, 0.087, 0.083 | PDLC03124,Specificity_I_00073, 1, 0.00046, 0.308, 0.312 | PDLC03124,Specificity_I_00073, 2, 7.2e-09, 0.383, 0.397 | PDLC03194,Specificity_I_00143, 1, 8e-09, 0.319, 0.34 | PDLC03194,Specificity_I_00143, 2, 0.2, 0.253, 0.256 | PDLC03191,Specificity_I_00140, 1, 6.7e-32, 0.966, 0.929 | PDLC03078,Specificity_I_00027, 1, 0.003, 0.239, 0.239 | PDLC03078,Specificity_I_00027, 2, 1.2e-08, 0.38, 0.387 | PDLC03126,Specificity_I_00075, 1, 0.61, 0.251, 0.152 | PDLC03126,Specificity_I_00075, 2, 0.0079, 0.601, 0.375 | PDLC03175,Specificity_I_00124, 1, 1.5e-05, 0.303, 0.303 | PDLC03175,Specificity_I_00124, 2, 3.6, 0.139, 0.134 | PDLC03186,Specificity_I_00135, 1, 1.4e-16, 0.271, 0.289 | PDLC03186,Specificity_I_00135, 2, 1.2, 0.214, 0.212 | PDLC03070,Specificity_I_00019, 1, 6.2e-18, 0.745, 0.731 | PDLC03057,Specificity_I_00006, 1, 6e-05, 0.271, 0.28 | PDLC03057,Specificity_I_00006, 2, 42, 0.23, 0.238 | PDLC03097,Specificity_I_00046, 1, 0.23, 0.364, 0.386 | PDLC03097,Specificity_I_00046, 2, 0.28, 0.319, 0.34 | PDLC03165,Specificity_I_00114, 1, 3e-17, 0.763, 0.747 | PDLC03142,Specificity_I_00091, 1, 3.3e-26, 0.287, 0.259 | PDLC03142,Specificity_I_00091, 2, 0.018, 0.219, 0.199 | PDLC03122,Specificity_I_00071, 1, 0.0023, 0.189, 0.204 | PDLC03122,Specificity_I_00071, 2, 11, 0.155, 0.163 | PDLC03174,Specificity_I_00123, 1, 160, 0.153, 0.128 | PDLC03174,Specificity_I_00123, 2, 2.3e-29, 0.658, 0.592 | PDLC03171,Specificity_I_00120, 1, 0.78, 0.13, 0.087 | PDLC03171,Specificity_I_00120, 2, 250, 0.132, 0.092 | PDLC03171,Specificity_I_00120, 3, 1.5, 0.141, 0.452 | PDLC03163,Specificity_I_00112, 1, 7.7e-12, 0.747, 0.733 | PDLC03118,Specificity_I_00067, 1, 0.57, 0.212, 0.209 | PDLC03118,Specificity_I_00067, 2, 0.022, 0.387, 0.397 | PDLC03164,Specificity_I_00113, 1, 860, 0.018, 0.02 | PDLC03164,Specificity_I_00113, 2, 1.6e-14, 0.412, 0.447 | PDLC03164,Specificity_I_00113, 3, 4e-04, 0.244, 0.254 | PDLC03128,Specificity_I_00077, 1, 2.7e-22, 0.369, 0.406 | PDLC03128,Specificity_I_00077, 2, 3.2, 0.276, 0.306 | PDLC03147,Specificity_I_00096, 1, 1e-18, 0.171, 0.174 | PDLC03147,Specificity_I_00096, 2, 0.65, 0.118, 0.121 | PDLC03129,Specificity_I_00078, 1, 4.8e-20, 0.54, 0.503 | PDLC03179,Specificity_I_00128, 1, 5.2e-06, 0.39, 0.29 | PDLC03179,Specificity_I_00128, 2, 1.5e-15, 0.558, 0.404 | PDLC03071,Specificity_I_00020, 1, 7.8e-18, 0.178, 0.186 | PDLC03071,Specificity_I_00020, 2, 37, 0.103, 0.107 | PDLC03098,Specificity_I_00047, 1, 1.8e-15, 0.749, 0.704 | PDLC03076,Specificity_I_00025, 1, 2e-05, 0.287, 0.256 | PDLC03076,Specificity_I_00025, 2, 2.9e-06, 0.476, 0.408 | PDLC03086,Specificity_I_00035, 1, 0.0045, 0.285, 0.258 | PDLC03086,Specificity_I_00035, 2, 0.0027, 0.185, 0.183 | PDLC03086,Specificity_I_00035, 3, 0.00029, 0.241, 0.221 | PDLC03143,Specificity_I_00092, 1, 4.9e-23, 0.378, 0.355 | PDLC03143,Specificity_I_00092, 2, 25, 0.159, 0.163 | PDLC03108,Specificity_I_00057, 1, 8.1e-13, 0.729, 0.67 | PDLC03062,Specificity_I_00011, 1, 2.7e-06, 0.228, 0.229 | PDLC03062,Specificity_I_00011, 2, 960, 0.1, 0.109 | PDLC03062,Specificity_I_00011, 3, 210, 0.064, 0.064 | PDLC03169,Specificity_I_00118, 1, 1.6e-25, 0.872, 0.807 | PDLC03169,Specificity_I_00118, 2, 0.0016, 0.148, 0.141 | PDLC03162,Specificity_I_00111, 1, 4.8e-24, 0.747, 0.729 | PDLC03103,Specificity_I_00052, 1, 0.023, 0.342, 0.372 | PDLC03103,Specificity_I_00052, 2, 380, 0.148, 0.163 | PDLC03064,Specificity_I_00013, 1, 1.7e-05, 0.301, 0.308 | PDLC03064,Specificity_I_00013, 2, 6.1e-06, 0.241, 0.249 | PDLC03069,Specificity_I_00018, 1, 1e-14, 0.795, 0.817 | PDLC03100,Specificity_I_00049, 1, 1.1e-07, 0.355, 0.395 | PDLC03100,Specificity_I_00049, 2, 8.8e-18, 0.528, 0.536 | PDLC03106,Specificity_I_00055, 1, 0.0028, 0.155, 0.139 | PDLC03106,Specificity_I_00055, 2, 12, 0.064, 0.065 | PDLC03106,Specificity_I_00055, 3, 9.8, 0.057, 0.054 | PDLC03127,Specificity_I_00076, 1, 4.5e-63, 0.982, 0.79 | PDLC03099,Specificity_I_00048, 1, 2.6e-09, 0.563, 0.585 | PDLC03081,Specificity_I_00030, 1, 0.00012, 0.21, 0.203 | PDLC03081,Specificity_I_00030, 2, 1.5, 0.162, 0.172 | PDLC03151,Specificity_I_00100, 1, 0.00023, 0.697, 0.675 | PDLC03189,Specificity_I_00138, 1, 2.6e-16, 0.72, 0.673 | PDLC03119,Specificity_I_00068, 1, 0.033, 0.164, 0.176 | PDLC03119,Specificity_I_00068, 2, 9.8e-11, 0.251, 0.275 | PDLC03192,Specificity_I_00141, 1, 500, 0.073, 0.084 | PDLC03192,Specificity_I_00141, 2, 8.6e-07, 0.415, 0.435 | PDLC03102,Specificity_I_00051, 1, 120, 0.1, 0.114 | PDLC03102,Specificity_I_00051, 2, 0.026, 0.132, 0.154 | PDLC03088,Specificity_I_00037, 1, 0.062, 0.171, 0.116 | PDLC03088,Specificity_I_00037, 2, 0.4, 0.216, 0.145 | PDLC03159,Specificity_I_00108, 1, 52, 0.282, 0.24 | PDLC03159,Specificity_I_00108, 2, 1.9e-07, 0.579, 0.495 | PDLC03134,Specificity_I_00083, 1, 1.7e-07, 0.528, 0.519 | PDLC03134,Specificity_I_00083, 2, 0.00029, 0.241, 0.236 | PDLC03083,Specificity_I_00032, 1, 1.1e-56, 0.497, 0.304 | PDLC03083,Specificity_I_00032, 2, 0.00078, 0.269, 0.448 | PDLC03183,Specificity_I_00132, 1, 0.00036, 0.207, 0.221 | PDLC03183,Specificity_I_00132, 2, 0.55, 0.255, 0.261 | PDLC03183,Specificity_I_00132, 3, 39, 0.03, 0.032 | PDLC03156,Specificity_I_00105, 1, 0.00013, 0.216, 0.213 | PDLC03156,Specificity_I_00105, 2, 0.31, 0.371, 0.37 | PDLC03113,Specificity_I_00062, 1, 2.9e-06, 0.574, 0.552 | PDLC03144,Specificity_I_00093, 1, 0.0072, 0.144, 0.155 | PDLC03144,Specificity_I_00093, 2, 0.017, 0.228, 0.253 | PDLC03168,Specificity_I_00117, 1, 14, 0.285, 0.268 | PDLC03168,Specificity_I_00117, 2, 0.094, 0.203, 0.183 | PDLC03168,Specificity_I_00117, 3, 1e-06, 0.383, 0.346 | PDLC03060,Specificity_I_00009, 1, 0.28, 0.303, 0.322 | PDLC03060,Specificity_I_00009, 2, 0.058, 0.417, 0.44 | PDLC03077,Specificity_I_00026, 1, 0.00017, 0.271, 0.264 | PDLC03077,Specificity_I_00026, 2, 0.6, 0.378, 0.376 | PDLC03176,Specificity_I_00125, 1, 0.00029, 0.267, 0.2 | PDLC03176,Specificity_I_00125, 2, 8.9e-15, 0.378, 0.282 | PDLC03172,Specificity_I_00121, 1, 9.7e-08, 0.305, 0.299 | PDLC03172,Specificity_I_00121, 2, 66, 0.223, 0.223 | PDLC03114,Specificity_I_00063, 1, 0.016, 0.196, 0.202 | PDLC03114,Specificity_I_00063, 2, 0.24, 0.157, 0.159 | PDLC03056,Specificity_I_00005, 1, 4.4e-24, 0.412, 0.303 | PDLC03150,Specificity_I_00099, 1, 0.007, 0.241, 0.202 | PDLC03150,Specificity_I_00099, 2, 0.18, 0.121, 0.112 | PDLC03084,Specificity_I_00033, 1, 0.00091, 0.21, 0.217 | PDLC03084,Specificity_I_00033, 2, 0.00054, 0.237, 0.25 | PDLC03105,Specificity_I_00054, 1, 3.3e-76, 0.964, 0.922 | PDLC03101,Specificity_I_00050, 1, 6.9e-14, 0.394, 0.406 | PDLC03101,Specificity_I_00050, 2, 1.9e-07, 0.39, 0.401 | PDLC03160,Specificity_I_00109, 1, 0.12, 0.205, 0.223 | PDLC03160,Specificity_I_00109, 2, 5.7, 0.116, 0.135 | PDLC03087,Specificity_I_00036, 1, 8.4e-12, 0.535, 0.543 | PDLC03087,Specificity_I_00036, 2, 8.3e-13, 0.392, 0.402 | PDLC03178,Specificity_I_00127, 1, 8.4e-18, 0.768, 0.779 | PDLC03182,Specificity_I_00131, 1, 5.8e-06, 0.301, 0.282 | PDLC03182,Specificity_I_00131, 2, 270, 0.1, 0.098 | PDLC03072,Specificity_I_00021, 1, 8.3e-111, 0.966, 0.931","PDLC03072, Specificity_I_00021, 8.3e-111, 0.966, 0.931 | PDLC03105, Specificity_I_00054, 3.3e-76, 0.964, 0.922 | PDLC03127, Specificity_I_00076, 4.5e-63, 0.982, 0.79 | PDLC03083, Specificity_I_00032, 1.1e-56, 0.497, 0.304 | PDLC03090, Specificity_I_00039, 4e-51, 0.759, 0.744"
8,JAYIPV010000012.1,RM_type_I,JAYIPV010000012.1_22,PDLC03040,REase_I_00001,REase_I,1.0999999999999998e-37,1.1e-36,0.617,0.567,23087,26170,+,-,22,84,"PDLC03046,REase_I_00007, 1, 28, 0.031, 0.031 | PDLC03046,REase_I_00007, 2, 0.00051, 0.159, 0.166 | PDLC03046,REase_I_00007, 3, 170, 0.033, 0.034 | PDLC03046,REase_I_00007, 4, 4.4e-05, 0.053, 0.053 | PDLC03041,REase_I_00002, 1, 1.7, 0.05, 0.052 | PDLC03041,REase_I_00002, 2, 3.4e-06, 0.183, 0.163 | PDLC03041,REase_I_00002, 3, 0.016, 0.135, 0.132 | PDLC03041,REase_I_00002, 4, 3.9e-05, 0.073, 0.069 | PDLC03045,REase_I_00006, 1, 0.017, 0.317, 0.293 | PDLC03045,REase_I_00006, 2, 18, 0.125, 0.128 | PDLC03045,REase_I_00006, 3, 0.066, 0.044, 0.045 | PDLC03044,REase_I_00005, 1, 0.00011, 0.184, 0.173 | PDLC03044,REase_I_00005, 2, 0.00036, 0.067, 0.068 | PDLC03040,REase_I_00001, 1, 1.1e-36, 0.617, 0.567 | PDLC03048,REase_I_00009, 1, 1.3e-18, 0.324, 0.303 | PDLC03048,REase_I_00009, 2, 3e-06, 0.144, 0.149 | PDLC03048,REase_I_00009, 3, 1.4e-05, 0.062, 0.067","PDLC03040, REase_I_00001, 1.1e-36, 0.617, 0.567 | PDLC03048, REase_I_00009, 1.3e-18, 0.324, 0.303 | PDLC03041, REase_I_00002, 3.4e-06, 0.183, 0.163 | PDLC03046, REase_I_00007, 4.4e-05, 0.053, 0.053 | PDLC03044, REase_I_00005, 0.00011, 0.184, 0.173"
9,JAYIPV010000016.1,PDC-S08,JAYIPV010000016.1_32,PDLC04900,PDC-S08_WP_202707215.1,PDC-S08,1.2999999999999995e-127,2.0999999999999993e-127,0.981,0.935,31343,32308,+,-,32,96,"PDLC04900,PDC-S08_WP_202707215.1, 1, 2.1e-127, 0.981, 0.935","PDLC04900, PDC-S08_WP_202707215.1, 2.1e-127, 0.981, 0.935"
10,JAYIPV010000016.1,PDC-S55,JAYIPV010000016.1_34,PDLC05037,PDC-S55_WP_162277864.1,PDC-S55,1.9000000000000002e-36,2.4e-36,0.932,0.984,33085,33657,-,-,34,96,"PDLC05037,PDC-S55_WP_162277864.1, 1, 2.4e-36, 0.932, 0.984","PDLC05037, PDC-S55_WP_162277864.1, 2.4e-36, 0.932, 0.984"
11,JAYIPV010000016.1,retron_I-B,JAYIPV010000016.1_89,PDLC02914,retron_type_I_B1_atpase_toprim_cluster22_2,ATPase-Toprim_I-B,4.699999999999998e-159,5.899999999999998e-159,0.973,0.984,93401,94741,-,-,89,96,"PDLC02915,retron_type_I_B2_atpase_toprim_cluster159_1, 1, 0.00053, 0.121, 0.091 | PDLC02915,retron_type_I_B2_atpase_toprim_cluster159_1, 2, 0.92, 0.148, 0.101 | PDLC02914,retron_type_I_B1_atpase_toprim_cluster22_2, 1, 5.9e-159, 0.973, 0.984","PDLC02914, retron_type_I_B1_atpase_toprim_cluster22_2, 5.9e-159, 0.973, 0.984 | PDLC02915, retron_type_I_B2_atpase_toprim_cluster159_1, 0.00053, 0.121, 0.091"
11,JAYIPV010000016.1,retron_I-B,JAYIPV010000016.1_90,PDLC02937,retron_I-B1,RT_I-B,3.699999999999999e-105,4.199999999999999e-105,0.991,0.994,94738,95694,-,-,90,96,"PDLC02937,retron_I-B1, 1, 4.2e-105, 0.991, 0.994 | PDLC02938,retron_I-B2, 1, 2.3e-33, 0.708, 0.669","PDLC02937, retron_I-B1, 4.2e-105, 0.991, 0.994 | PDLC02938, retron_I-B2, 2.3e-33, 0.708, 0.669"
12,JAYIPV010000021.1,wadjet_other,JAYIPV010000021.1_55,PDLC00460,JetA1_00019,JetA,3.399999999999999e-194,3.7999999999999985e-194,0.994,0.996,58891,60360,+,-,55,67,"PDLC00464,JetA1_00023, 1, 8.8e-52, 0.971, 0.965 | PDLC00457,JetA1_00016, 1, 2.1e-91, 0.959, 0.977 | PDLC00452,JetA1_00011, 1, 1.1e-39, 0.961, 0.954 | PDLC00459,JetA1_00018, 1, 8.7e-25, 0.963, 0.947 | PDLC00460,JetA1_00019, 1, 3.8e-194, 0.994, 0.996 | PDLC00463,JetA1_00022, 1, 4.7e-20, 0.804, 0.711 | PDLC00455,JetA1_00014, 1, 8.4e-31, 0.886, 0.893 | PDLC00461,JetA1_00020, 1, 2.8e-61, 0.973, 0.965 | PDLC00465,JetA1_00024, 1, 2.3e-35, 0.947, 0.914 | PDLC00444,JetA1_00003, 1, 3.1e-47, 0.894, 0.916 | PDLC00447,JetA1_00006, 1, 6.5e-61, 0.978, 0.979","PDLC00460, JetA1_00019, 3.8e-194, 0.994, 0.996 | PDLC00457, JetA1_00016, 2.1e-91, 0.959, 0.977 | PDLC00461, JetA1_00020, 2.8e-61, 0.973, 0.965 | PDLC00447, JetA1_00006, 6.5e-61, 0.978, 0.979 | PDLC00464, JetA1_00023, 8.8e-52, 0.971, 0.965"
12,JAYIPV010000021.1,wadjet_other,JAYIPV010000021.1_56,PDLC00501,JetB1_00034,JetB,7.599999999999999e-111,8.499999999999999e-111,0.992,0.957,60347,61054,+,-,56,67,"PDLC00480,JetB1_00013, 1, 9.8e-10, 0.792, 0.781 | PDLC00488,JetB1_00021, 1, 2.1e-15, 0.818, 0.67 | PDLC00485,JetB1_00018, 1, 3.3e-59, 0.847, 0.84 | PDLC00477,JetB1_00010, 1, 3.2e-15, 0.725, 0.921 | PDLC00494,JetB1_00027, 1, 3.8e-06, 0.915, 0.641 | PDLC00496,JetB1_00029, 1, 1.7e-29, 0.881, 0.67 | PDLC00472,JetB1_00005, 1, 5.2e-37, 0.873, 0.87 | PDLC00468,JetB1_00001, 1, 7.5e-19, 0.644, 0.807 | PDLC00492,JetB1_00025, 1, 2.3e-06, 0.89, 0.721 | PDLC00473,JetB1_00006, 1, 1.8e-31, 0.78, 0.796 | PDLC00490,JetB1_00023, 1, 7.8e-09, 0.788, 0.805 | PDLC00476,JetB1_00009, 1, 4.5e-23, 0.814, 0.687 | PDLC00493,JetB1_00026, 1, 0.00018, 0.788, 0.667 | PDLC00499,JetB1_00032, 1, 9.4e-29, 0.784, 0.722 | PDLC00501,JetB1_00034, 1, 8.5e-111, 0.992, 0.957 | PDLC00487,JetB1_00020, 1, 5.5e-27, 0.703, 0.862 | PDLC00474,JetB1_00007, 1, 1.5e-23, 0.691, 0.802 | PDLC00481,JetB1_00014, 1, 3.7e-74, 0.852, 0.922 | PDLC00497,JetB1_00030, 1, 2.3e-31, 0.919, 0.857 | PDLC00495,JetB1_00028, 1, 2.9e-23, 0.881, 0.643 | PDLC00491,JetB1_00024, 1, 1.8e-06, 0.801, 0.706","PDLC00501, JetB1_00034, 8.5e-111, 0.992, 0.957 | PDLC00481, JetB1_00014, 3.7e-74, 0.852, 0.922 | PDLC00485, JetB1_00018, 3.3e-59, 0.847, 0.84 | PDLC00472, JetB1_00005, 5.2e-37, 0.873, 0.87 | PDLC00473, JetB1_00006, 1.8e-31, 0.78, 0.796"
12,JAYIPV010000021.1,wadjet_other,JAYIPV010000021.1_58,PDLC00518,JetC1_00016,JetC,0,0,0.821,0.99,62180,66196,+,-,58,67,"PDLC00514,JetC1_00012, 1, 1.3e-128, 0.8, 0.963 | PDLC00519,JetC1_00017, 1, 2.4e-51, 0.798, 0.979 | PDLC00511,JetC1_00009, 1, 1.7e-182, 0.792, 0.949 | PDLC00513,JetC1_00011, 1, 3.2e-06, 0.05, 0.058 | PDLC00513,JetC1_00011, 2, 4.3e-10, 0.603, 0.693 | PDLC00513,JetC1_00011, 3, 4300, 0.06, 0.068 | PDLC00510,JetC1_00008, 1, 0.6, 0.102, 0.113 | PDLC00510,JetC1_00008, 2, 0.89, 0.075, 0.09 | PDLC00510,JetC1_00008, 3, 0.0057, 0.031, 0.038 | PDLC00505,JetC1_00003, 1, 2.6e-20, 0.662, 0.787 | PDLC00505,JetC1_00003, 2, 0.0044, 0.025, 0.03 | PDLC00509,JetC1_00007, 1, 1.3e-85, 0.786, 0.945 | PDLC00503,JetC1_00001, 1, 1.5e-07, 0.093, 0.103 | PDLC00503,JetC1_00001, 2, 11, 0.062, 0.072 | PDLC00503,JetC1_00001, 3, 100, 0.229, 0.253 | PDLC00503,JetC1_00001, 4, 0.095, 0.049, 0.061 | PDLC00516,JetC1_00014, 1, 6e-05, 0.081, 0.087 | PDLC00516,JetC1_00014, 2, 30, 0.078, 0.091 | PDLC00516,JetC1_00014, 3, 82, 0.046, 0.056 | PDLC00516,JetC1_00014, 4, 90, 0.066, 0.077 | PDLC00512,JetC1_00010, 1, 1e-254, 0.815, 0.981 | PDLC00517,JetC1_00015, 1, 6.8e-195, 0.807, 0.976 | PDLC00518,JetC1_00016, 1, 0, 0.821, 0.99","PDLC00518, JetC1_00016, 0, 0.821, 0.99 | PDLC00512, JetC1_00010, 1e-254, 0.815, 0.981 | PDLC00517, JetC1_00015, 6.8e-195, 0.807, 0.976 | PDLC00511, JetC1_00009, 1.7e-182, 0.792, 0.949 | PDLC00514, JetC1_00012, 1.3e-128, 0.8, 0.963"
13,JAYIPV010000022.1,SoFic,JAYIPV010000022.1_22,PDLC03963,SoFic__SoFic,SoFic,8.999999999999997e-121,1.0999999999999997e-120,0.928,0.972,18154,19272,+,-,22,80,"PDLC03963,SoFic__SoFic, 1, 1.1e-120, 0.928, 0.972","PDLC03963, SoFic__SoFic, 1.1e-120, 0.928, 0.972"
14,JAYIPV010000028.1,PDC-S39,JAYIPV010000028.1_53,PDLC05012,PDC-S39_WP_095017002.1,PDC-S39,6.799999999999999e-98,8.899999999999999e-98,0.938,0.963,61290,63173,+,-,53,54,"PDLC05011,PDC-S39_WP_191556434.1, 1, 1.8e-82, 0.892, 0.918 | PDLC05012,PDC-S39_WP_095017002.1, 1, 8.9e-98, 0.938, 0.963","PDLC05012, PDC-S39_WP_095017002.1, 8.9e-98, 0.938, 0.963 | PDLC05011, PDC-S39_WP_191556434.1, 1.8e-82, 0.892, 0.918"
15,JAYIPV010000030.1,PDC-S06,JAYIPV010000030.1_41,PDLC04886,PDC-S06_WP_029531116.1,PDC-S06,5.699999999999997e-210,6.899999999999997e-210,0.983,0.993,48736,50970,-,-,41,46,"PDLC04897,PDC-S06_WP_115337947.1, 1, 1.1e-41, 0.944, 0.961 | PDLC04895,PDC-S06_WP_184316307.1, 1, 8.7, 0.036, 0.034 | PDLC04895,PDC-S06_WP_184316307.1, 2, 0.037, 0.231, 0.214 | PDLC04895,PDC-S06_WP_184316307.1, 3, 1.2e-05, 0.361, 0.339 | PDLC04891,PDC-S06_WP_106028275.1, 1, 57, 0.017, 0.015 | PDLC04891,PDC-S06_WP_106028275.1, 2, 1.5e-12, 0.436, 0.367 | PDLC04898,PDC-S06_WP_144626586.1, 1, 53, 0.03, 0.029 | PDLC04898,PDC-S06_WP_144626586.1, 2, 5.7e-17, 0.572, 0.561 | PDLC04893,PDC-S06_WP_194540461.1, 1, 9.2, 0.027, 0.023 | PDLC04893,PDC-S06_WP_194540461.1, 2, 4e-05, 0.119, 0.086 | PDLC04892,PDC-S06_WP_027430483.1, 1, 0.0075, 0.431, 0.37 | PDLC04896,PDC-S06_WP_102776212.1, 1, 9.7e-26, 0.839, 0.829 | PDLC04887,PDC-S06_WP_221405099.1, 1, 1e-31, 0.836, 0.841 | PDLC04890,PDC-S06_WP_095244428.1, 1, 1.8e-126, 0.985, 0.989 | PDLC04894,PDC-S06_WP_100093761.1, 1, 4.5e-54, 0.895, 0.905 | PDLC04888,PDC-S06_WP_216011563.1, 1, 13, 0.024, 0.021 | PDLC04888,PDC-S06_WP_216011563.1, 2, 240, 0.044, 0.139 | PDLC04888,PDC-S06_WP_216011563.1, 3, 1e-06, 0.15, 0.112 | PDLC04886,PDC-S06_WP_029531116.1, 1, 6.9e-210, 0.983, 0.993 | PDLC04889,PDC-S06_WP_156124124.1, 1, 52, 0.021, 0.023 | PDLC04889,PDC-S06_WP_156124124.1, 2, 0.00018, 0.221, 0.237 | PDLC04889,PDC-S06_WP_156124124.1, 3, 0.0047, 0.111, 0.101 | PDLC04889,PDC-S06_WP_156124124.1, 4, 510, 0.021, 0.023","PDLC04886, PDC-S06_WP_029531116.1, 6.9e-210, 0.983, 0.993 | PDLC04890, PDC-S06_WP_095244428.1, 1.8e-126, 0.985, 0.989 | PDLC04894, PDC-S06_WP_100093761.1, 4.5e-54, 0.895, 0.905 | PDLC04897, PDC-S06_WP_115337947.1, 1.1e-41, 0.944, 0.961 | PDLC04887, PDC-S06_WP_221405099.1, 1e-31, 0.836, 0.841"
16,JAYIPV010000039.1,SoFic,JAYIPV010000039.1_26,PDLC03963,SoFic__SoFic,SoFic,6.7e-75,7.3999999999999995e-75,0.987,0.607,34258,34941,-,-,26,26,"PDLC03963,SoFic__SoFic, 1, 7.4e-75, 0.987, 0.607","PDLC03963, SoFic__SoFic, 7.4e-75, 0.987, 0.607"
17,JAYIPV010000041.1,gabija,JAYIPV010000041.1_30,PDLC00070,GajA_00010,GajA,6.199999999999997e-235,6.999999999999997e-235,0.995,0.997,25059,26846,+,-,30,32,"PDLC00096,GajA_00036, 1, 7.8e-76, 0.992, 0.973 | PDLC00083,GajA_00023, 1, 4.2e-50, 0.767, 0.74 | PDLC00082,GajA_00022, 1, 0.22, 0.081, 0.071 | PDLC00082,GajA_00022, 2, 1.3e-19, 0.329, 0.277 | PDLC00072,GajA_00012, 1, 1.2e-10, 0.193, 0.165 | PDLC00072,GajA_00012, 2, 3.7e-61, 0.725, 0.604 | PDLC00081,GajA_00021, 1, 1.2e-23, 0.768, 0.758 | PDLC00093,GajA_00033, 1, 0.091, 0.079, 0.065 | PDLC00093,GajA_00033, 2, 1.3e-27, 0.331, 0.284 | PDLC00093,GajA_00033, 3, 3.7, 0.081, 0.068 | PDLC00071,GajA_00011, 1, 1.5e-81, 0.99, 0.988 | PDLC00091,GajA_00031, 1, 4.1e-63, 0.988, 0.986 | PDLC00076,GajA_00016, 1, 3.7, 0.076, 0.067 | PDLC00076,GajA_00016, 2, 1.9e-17, 0.324, 0.267 | PDLC00069,GajA_00009, 1, 1e-13, 0.195, 0.175 | PDLC00069,GajA_00009, 2, 6.9e-42, 0.565, 0.524 | PDLC00069,GajA_00009, 3, 15, 0.087, 0.09 | PDLC00073,GajA_00013, 1, 4.8e-66, 0.988, 0.993 | PDLC00064,GajA_00004, 1, 2.8e-77, 0.721, 0.978 | PDLC00090,GajA_00030, 1, 2.8e-30, 0.767, 0.724 | PDLC00074,GajA_00014, 1, 2.3e-17, 0.282, 0.338 | PDLC00062,GajA_00002, 1, 0.00023, 0.077, 0.072 | PDLC00062,GajA_00002, 2, 7.4e-06, 0.131, 0.111 | PDLC00062,GajA_00002, 3, 6.3e-13, 0.146, 0.135 | PDLC00079,GajA_00019, 1, 0.081, 0.077, 0.067 | PDLC00079,GajA_00019, 2, 4.6e-17, 0.203, 0.187 | PDLC00094,GajA_00034, 1, 0.0015, 0.087, 0.091 | PDLC00094,GajA_00034, 2, 6e-24, 0.525, 0.531 | PDLC00089,GajA_00029, 1, 2.4e-12, 0.213, 0.395 | PDLC04169,GajA_WP_153499988.1, 1, 5.7e-05, 0.418, 0.523 | PDLC00075,GajA_00015, 1, 5.7e-34, 0.768, 0.787 | PDLC00068,GajA_00008, 1, 2.2e-27, 0.327, 0.376 | PDLC00068,GajA_00008, 2, 410, 0.086, 0.097 | PDLC00063,GajA_00003, 1, 0.014, 0.102, 0.085 | PDLC00063,GajA_00003, 2, 3.2e-26, 0.327, 0.311 | PDLC00097,GajA_00037, 1, 1.6e-17, 0.765, 0.733 | PDLC00102,GajA_00042, 1, 1.5e-05, 0.104, 0.118 | PDLC00102,GajA_00042, 2, 2.6e-08, 0.502, 0.459 | PDLC00078,GajA_00018, 1, 1.7e-07, 0.077, 0.079 | PDLC00078,GajA_00018, 2, 4.4e-12, 0.317, 0.293 | PDLC00101,GajA_00041, 1, 3.8e-51, 0.757, 0.68 | PDLC00101,GajA_00041, 2, 11, 0.049, 0.051 | PDLC04168,GajA_WP_183617960.1, 1, 340, 0.079, 0.086 | PDLC04168,GajA_WP_183617960.1, 2, 280, 0.025, 0.026 | PDLC04168,GajA_WP_183617960.1, 3, 8.7e-08, 0.287, 0.279 | PDLC00092,GajA_00032, 1, 8.6e-68, 0.992, 0.997 | PDLC00098,GajA_00038, 1, 2.3e-05, 0.091, 0.103 | PDLC00098,GajA_00038, 2, 0.0014, 0.284, 0.287 | PDLC00066,GajA_00006, 1, 2.4e-54, 0.768, 0.765 | PDLC00077,GajA_00017, 1, 1.1e-07, 0.107, 0.109 | PDLC00077,GajA_00017, 2, 2e-46, 0.78, 0.726 | PDLC00067,GajA_00007, 1, 2e-07, 0.109, 0.101 | PDLC00067,GajA_00007, 2, 8.9e-34, 0.51, 0.49 | PDLC00070,GajA_00010, 1, 7e-235, 0.995, 0.997 | PDLC00061,GajA_00001, 1, 27, 0.076, 0.071 | PDLC00061,GajA_00001, 2, 180, 0.07, 0.061 | PDLC00061,GajA_00001, 3, 5e-13, 0.28, 0.247 | PDLC00095,GajA_00035, 1, 0.066, 0.077, 0.062 | PDLC00095,GajA_00035, 2, 6.2e-26, 0.326, 0.275 | PDLC00095,GajA_00035, 3, 0.42, 0.169, 0.141 | PDLC00065,GajA_00005, 1, 0.53, 0.077, 0.081 | PDLC00065,GajA_00005, 2, 4.3e-28, 0.329, 0.303 | PDLC00065,GajA_00005, 3, 370, 0.047, 0.049 | PDLC00080,GajA_00020, 1, 5.8e-55, 0.772, 0.732 | PDLC00085,GajA_00025, 1, 5.7e-06, 0.076, 0.079 | PDLC00085,GajA_00025, 2, 0.017, 0.035, 0.036 | PDLC00085,GajA_00025, 3, 6.9e-16, 0.215, 0.212 | PDLC00084,GajA_00024, 1, 2.5e-30, 0.448, 0.589 | PDLC00084,GajA_00024, 2, 890, 0.062, 0.084 | PDLC00088,GajA_00028, 1, 2.3e-26, 0.331, 0.567 | PDLC00100,GajA_00040, 1, 0.00067, 0.084, 0.081 | PDLC00100,GajA_00040, 2, 6.9e-14, 0.342, 0.331 | PDLC00100,GajA_00040, 3, 6.9e-12, 0.367, 0.354 | PDLC00099,GajA_00039, 1, 5.6e-57, 0.99, 0.986 | PDLC00086,GajA_00026, 1, 1.2e-05, 0.143, 0.145 | PDLC00086,GajA_00026, 2, 9.6e-10, 0.28, 0.26 | PDLC00086,GajA_00026, 3, 88, 0.077, 0.075 | PDLC00087,GajA_00027, 1, 1.9e-12, 0.121, 0.332","PDLC00070, GajA_00010, 7e-235, 0.995, 0.997 | PDLC00071, GajA_00011, 1.5e-81, 0.99, 0.988 | PDLC00064, GajA_00004, 2.8e-77, 0.721, 0.978 | PDLC00096, GajA_00036, 7.8e-76, 0.992, 0.973 | PDLC00092, GajA_00032, 8.6e-68, 0.992, 0.997"
17,JAYIPV010000041.1,gabija,JAYIPV010000041.1_31,PDLC00108,GajB_00006,GajB,6.799999999999997e-282,7.999999999999997e-282,0.734,0.998,26833,28647,+,-,31,32,"PDLC00134,GajB_00032, 1, 2.5e-14, 0.438, 0.608 | PDLC00111,GajB_00009, 1, 3.3e-07, 0.114, 0.109 | PDLC00111,GajB_00009, 2, 1.3e-07, 0.179, 0.17 | PDLC00111,GajB_00009, 3, 2.2, 0.031, 0.03 | PDLC00129,GajB_00027, 1, 2e-09, 0.131, 0.135 | PDLC00129,GajB_00027, 2, 3e-21, 0.193, 0.199 | PDLC00129,GajB_00027, 3, 0.0011, 0.102, 0.109 | PDLC00124,GajB_00022, 1, 0.098, 0.121, 0.102 | PDLC00124,GajB_00022, 2, 0.00013, 0.121, 0.102 | PDLC00148,GajB_00046, 1, 3e-06, 0.129, 0.195 | PDLC00148,GajB_00046, 2, 0.049, 0.074, 0.119 | PDLC00148,GajB_00046, 3, 0.18, 0.099, 0.163 | PDLC00145,GajB_00043, 1, 45, 0.053, 0.054 | PDLC00145,GajB_00043, 2, 6.4e-17, 0.164, 0.171 | PDLC00145,GajB_00043, 3, 110, 0.091, 0.091 | PDLC00114,GajB_00012, 1, 8.1e-36, 0.448, 0.439 | PDLC00114,GajB_00012, 2, 3.4e-09, 0.139, 0.134 | PDLC00130,GajB_00028, 1, 5.3e-58, 0.927, 0.968 | PDLC00136,GajB_00034, 1, 6.1e-25, 0.45, 0.479 | PDLC00136,GajB_00034, 2, 0.0027, 0.175, 0.191 | PDLC00132,GajB_00030, 1, 1.1e-35, 0.441, 0.446 | PDLC00132,GajB_00030, 2, 3e-11, 0.106, 0.104 | PDLC04173,GajB_WP_172889455.1, 1, 2, 0.127, 0.151 | PDLC04173,GajB_WP_172889455.1, 2, 2.1e-06, 0.093, 0.115 | PDLC04173,GajB_WP_172889455.1, 3, 43, 0.028, 0.036 | PDLC00103,GajB_00001, 1, 4.6e-20, 0.554, 0.542 | PDLC00103,GajB_00001, 2, 1.9e-08, 0.101, 0.095 | PDLC00131,GajB_00029, 1, 0.00024, 0.127, 0.122 | PDLC00131,GajB_00029, 2, 3e-09, 0.149, 0.138 | PDLC00131,GajB_00029, 3, 29, 0.035, 0.032 | PDLC00121,GajB_00019, 1, 1.5e-21, 0.435, 0.455 | PDLC00121,GajB_00019, 2, 9.9e-08, 0.134, 0.147 | PDLC00137,GajB_00035, 1, 0.0021, 0.109, 0.096 | PDLC00137,GajB_00035, 2, 0.15, 0.074, 0.066 | PDLC00137,GajB_00035, 3, 0.94, 0.086, 0.093 | PDLC00122,GajB_00020, 1, 5.1e-10, 0.136, 0.153 | PDLC00122,GajB_00020, 2, 3.4e-15, 0.145, 0.177 | PDLC00122,GajB_00020, 3, 0.00081, 0.093, 0.094 | PDLC00107,GajB_00005, 1, 4.1e-23, 0.438, 0.451 | PDLC00107,GajB_00005, 2, 0.00015, 0.101, 0.135 | PDLC00146,GajB_00044, 1, 0.002, 0.121, 0.113 | PDLC00146,GajB_00044, 2, 2.3e-08, 0.147, 0.137 | PDLC00146,GajB_00044, 3, 150, 0.031, 0.029 | PDLC00141,GajB_00039, 1, 0.00019, 0.14, 0.15 | PDLC00141,GajB_00039, 2, 1.2e-07, 0.172, 0.175 | PDLC00141,GajB_00039, 3, 4.7e-07, 0.101, 0.108 | PDLC00118,GajB_00016, 1, 8.8e-25, 0.431, 0.433 | PDLC00118,GajB_00016, 2, 16, 0.083, 0.107 | PDLC00149,GajB_00047, 1, 1.6e-16, 0.44, 0.463 | PDLC00149,GajB_00047, 2, 5.4, 0.081, 0.092 | PDLC00105,GajB_00003, 1, 5.5e-19, 0.377, 0.357 | PDLC04171,GajB_WP_046787950.1, 1, 8e-04, 0.114, 0.163 | PDLC00133,GajB_00031, 1, 1.4e-25, 0.453, 0.707 | PDLC00120,GajB_00018, 1, 1.4e-06, 0.129, 0.168 | PDLC00120,GajB_00018, 2, 0.06, 0.081, 0.105 | PDLC00120,GajB_00018, 3, 0.7, 0.091, 0.12 | PDLC04172,GajB_WP_158867534.1, 1, 280, 0.136, 0.149 | PDLC04172,GajB_WP_158867534.1, 2, 0.02, 0.083, 0.095 | PDLC00108,GajB_00006, 1, 8e-282, 0.734, 0.998 | PDLC00144,GajB_00042, 1, 0.028, 0.131, 0.147 | PDLC00144,GajB_00042, 2, 7e-07, 0.164, 0.177 | PDLC00144,GajB_00042, 3, 1e-04, 0.093, 0.089 | PDLC00139,GajB_00037, 1, 4.2e-12, 0.38, 0.368 | PDLC00139,GajB_00037, 2, 38, 0.127, 0.121 | PDLC00142,GajB_00040, 1, 0.00029, 0.117, 0.123 | PDLC00142,GajB_00040, 2, 4.1e-14, 0.144, 0.148 | PDLC00142,GajB_00040, 3, 0.67, 0.131, 0.141 | PDLC00115,GajB_00013, 1, 0.0017, 0.124, 0.143 | PDLC00115,GajB_00013, 2, 0.5, 0.093, 0.119 | PDLC00113,GajB_00011, 1, 3.7e-06, 0.117, 0.121 | PDLC00113,GajB_00011, 2, 4.4e-08, 0.177, 0.174 | PDLC00113,GajB_00011, 3, 0.62, 0.089, 0.116 | PDLC00109,GajB_00007, 1, 3.9e-12, 0.43, 0.368 | PDLC00109,GajB_00007, 2, 2.3, 0.03, 0.028 | PDLC00112,GajB_00010, 1, 6.4e-27, 0.451, 0.48 | PDLC00112,GajB_00010, 2, 0.0012, 0.083, 0.093 | PDLC00106,GajB_00004, 1, 2.6e-23, 0.441, 0.464 | PDLC00106,GajB_00004, 2, 39, 0.088, 0.087 | PDLC00147,GajB_00045, 1, 1.7e-24, 0.388, 0.377 | PDLC00147,GajB_00045, 2, 200, 0.112, 0.105 | PDLC00125,GajB_00023, 1, 0.0023, 0.111, 0.087 | PDLC00125,GajB_00023, 2, 0.0021, 0.111, 0.102 | PDLC00125,GajB_00023, 3, 120, 0.038, 0.036 | PDLC00117,GajB_00015, 1, 2.8e-233, 0.985, 0.993 | PDLC00128,GajB_00026, 1, 0.00057, 0.081, 0.077 | PDLC00128,GajB_00026, 2, 2.9e-05, 0.175, 0.156 | PDLC00128,GajB_00026, 3, 0.0044, 0.098, 0.109 | PDLC00143,GajB_00041, 1, 4.8e-07, 0.112, 0.106 | PDLC00143,GajB_00041, 2, 1.7e-06, 0.179, 0.165 | PDLC00143,GajB_00041, 3, 2.8, 0.033, 0.032 | PDLC00123,GajB_00021, 1, 2e-15, 0.149, 0.163 | PDLC00123,GajB_00021, 2, 2e-20, 0.304, 0.331 | PDLC00123,GajB_00021, 3, 2.2e-08, 0.101, 0.126 | PDLC00135,GajB_00033, 1, 1.2e-08, 0.112, 0.1 | PDLC00135,GajB_00033, 2, 1.3e-07, 0.18, 0.179 | PDLC00135,GajB_00033, 3, 110, 0.098, 0.104 | PDLC00135,GajB_00033, 4, 0.0037, 0.093, 0.106 | PDLC00140,GajB_00038, 1, 1.8e-06, 0.129, 0.2 | PDLC00140,GajB_00038, 2, 2.3, 0.069, 0.112 | PDLC00140,GajB_00038, 3, 3.4, 0.109, 0.17 | PDLC00126,GajB_00024, 1, 1.1e-10, 0.122, 0.124 | PDLC00126,GajB_00024, 2, 0.0013, 0.137, 0.137 | PDLC00138,GajB_00036, 1, 1e-09, 0.14, 0.153 | PDLC00138,GajB_00036, 2, 1.1e-11, 0.185, 0.193 | PDLC00138,GajB_00036, 3, 67, 0.079, 0.091 | PDLC00110,GajB_00008, 1, 0.00075, 0.122, 0.101 | PDLC00110,GajB_00008, 2, 1.2e-09, 0.185, 0.164 | PDLC00110,GajB_00008, 3, 0.041, 0.073, 0.061 | PDLC00119,GajB_00017, 1, 5e-11, 0.132, 0.138 | PDLC00119,GajB_00017, 2, 4.2e-19, 0.188, 0.198 | PDLC00119,GajB_00017, 3, 0.00015, 0.089, 0.096 | PDLC00116,GajB_00014, 1, 0.0082, 0.089, 0.099 | PDLC00116,GajB_00014, 2, 2.5e-06, 0.169, 0.183 | PDLC00116,GajB_00014, 3, 2.5e-05, 0.102, 0.106 | PDLC00127,GajB_00025, 1, 8.4e-44, 0.455, 0.46 | PDLC00127,GajB_00025, 2, 8.7e-10, 0.093, 0.098 | PDLC00104,GajB_00002, 1, 1e-23, 0.45, 0.409 | PDLC00104,GajB_00002, 2, 5.3e-08, 0.096, 0.103","PDLC00108, GajB_00006, 8e-282, 0.734, 0.998 | PDLC00117, GajB_00015, 2.8e-233, 0.985, 0.993 | PDLC00130, GajB_00028, 5.3e-58, 0.927, 0.968 | PDLC00127, GajB_00025, 8.4e-44, 0.455, 0.46 | PDLC00114, GajB_00012, 8.1e-36, 0.448, 0.439"
18,JAYIPV010000044.1,ppl,JAYIPV010000044.1_7,PDLC02208,Ppl_00001,Ppl,3.699999999999999e-146,5.299999999999998e-146,0.988,0.994,9411,12239,-,-,7,19,"PDLC02208,Ppl_00001, 1, 5.3e-146, 0.988, 0.994","PDLC02208, Ppl_00001, 5.3e-146, 0.988, 0.994"
19,JAYIPV010000045.1,zorya_type_III,JAYIPV010000045.1_15,PDLC00652,ZorF3_00001,ZorF3,1.9999999999999997e-68,2.3999999999999995e-68,0.979,0.876,15150,15863,-,-,15,26,"PDLC00653,ZorF3_00002, 1, 2e-17, 0.521, 0.438 | PDLC00653,ZorF3_00002, 2, 1e-32, 0.651, 0.562 | PDLC00652,ZorF3_00001, 1, 2.4e-68, 0.979, 0.876 | PDLC00655,ZorF3_00004, 1, 3.9e-46, 0.95, 0.929 | PDLC00654,ZorF3_00003, 1, 6.5e-43, 0.55, 0.812","PDLC00652, ZorF3_00001, 2.4e-68, 0.979, 0.876 | PDLC00655, ZorF3_00004, 3.9e-46, 0.95, 0.929 | PDLC00654, ZorF3_00003, 6.5e-43, 0.55, 0.812 | PDLC00653, ZorF3_00002, 1e-32, 0.651, 0.562"
19,JAYIPV010000045.1,zorya_type_III,JAYIPV010000045.1_16,PDLC00651,ZorB3_00001,ZorB3,1.2999999999999997e-116,1.3999999999999997e-116,0.972,0.977,15860,16507,-,-,16,26,"PDLC00651,ZorB3_00001, 1, 1.4e-116, 0.972, 0.977","PDLC00651, ZorB3_00001, 1.4e-116, 0.972, 0.977"
19,JAYIPV010000045.1,zorya_type_III,JAYIPV010000045.1_17,PDLC00647,ZorA3_00001,ZorA3,0,2.899999999999999e-174,0.406,0.467,16504,19194,-,-,17,26,"PDLC00650,ZorA3_00004, 1, 3e-166, 0.404, 0.341 | PDLC00650,ZorA3_00004, 2, 3.2e-11, 0.078, 0.066 | PDLC00650,ZorA3_00004, 3, 6e-10, 0.078, 0.066 | PDLC00650,ZorA3_00004, 4, 6e-39, 0.174, 0.147 | PDLC00650,ZorA3_00004, 5, 9.2e-124, 0.305, 0.257 | PDLC00647,ZorA3_00001, 1, 2.9e-174, 0.406, 0.467 | PDLC00647,ZorA3_00001, 2, 9.3e-11, 0.077, 0.088 | PDLC00647,ZorA3_00001, 3, 2.2e-10, 0.078, 0.09 | PDLC00647,ZorA3_00001, 4, 1.8e-28, 0.163, 0.187 | PDLC00647,ZorA3_00001, 5, 3e-117, 0.311, 0.358 | PDLC00648,ZorA3_00002, 1, 1.5e-152, 0.401, 0.519 | PDLC00648,ZorA3_00002, 2, 3.7e-08, 0.071, 0.092 | PDLC00648,ZorA3_00002, 3, 7.9e-07, 0.089, 0.116 | PDLC00648,ZorA3_00002, 4, 1.1e-121, 0.453, 0.581 | PDLC00649,ZorA3_00003, 1, 7e-172, 0.404, 0.519 | PDLC00649,ZorA3_00003, 2, 3.8e-13, 0.076, 0.097 | PDLC00649,ZorA3_00003, 3, 8.6e-11, 0.079, 0.102 | PDLC00649,ZorA3_00003, 4, 5.1e-149, 0.445, 0.572","PDLC00647, ZorA3_00001, 2.9e-174, 0.406, 0.467 | PDLC00649, ZorA3_00003, 7e-172, 0.404, 0.519 | PDLC00650, ZorA3_00004, 3e-166, 0.404, 0.341 | PDLC00648, ZorA3_00002, 1.5e-152, 0.401, 0.519"
19,JAYIPV010000045.1,zorya_type_III,JAYIPV010000045.1_18,PDLC00658,ZorG3_00003,ZorG3,7.799999999999999e-88,8.699999999999998e-88,0.988,0.9,19172,19906,-,-,18,26,"PDLC00657,ZorG3_00002, 1, 6e-30, 0.971, 0.948 | PDLC00658,ZorG3_00003, 1, 8.7e-88, 0.988, 0.9 | PDLC00656,ZorG3_00001, 1, 4.5e-54, 0.8, 0.694 | PDLC00656,ZorG3_00001, 2, 1.3e-15, 0.18, 0.155","PDLC00658, ZorG3_00003, 8.7e-88, 0.988, 0.9 | PDLC00656, ZorG3_00001, 4.5e-54, 0.8, 0.694 | PDLC00657, ZorG3_00002, 6e-30, 0.971, 0.948"
20,JAYIPV010000055.1,retron_I-C,JAYIPV010000055.1_2,PDLC02968,retron_I-C3,RT-Toprim_I-C,2.4999999999999995e-100,3.1999999999999997e-100,0.94,0.975,1517,3211,-,-,2,10,"PDLC02965,retron_type_I_C3_RT_typeIC3, 1, 9.7e-100, 0.94, 0.975 | PDLC02966,retron_I-C1, 1, 5e-92, 0.637, 0.637 | PDLC02967,retron_I-C2, 1, 5.7e-78, 0.628, 0.636 | PDLC02968,retron_I-C3, 1, 3.2e-100, 0.94, 0.975 | PDLC02964,retron_type_I_C2_RT_typeIC2, 1, 5.8e-75, 0.473, 0.484 | PDLC02964,retron_type_I_C2_RT_typeIC2, 2, 8.6, 0.037, 0.038 | PDLC02963,retron_type_I_C1_RT_typeIC1, 1, 2.2e-90, 0.635, 0.659","PDLC02968, retron_I-C3, 3.2e-100, 0.94, 0.975 | PDLC02965, retron_type_I_C3_RT_typeIC3, 9.7e-100, 0.94, 0.975 | PDLC02966, retron_I-C1, 5e-92, 0.637, 0.637 | PDLC02963, retron_type_I_C1_RT_typeIC1, 2.2e-90, 0.635, 0.659 | PDLC02967, retron_I-C2, 5.7e-78, 0.628, 0.636"
21,JAYIPV010000055.1,retron_XII,JAYIPV010000055.1_2,PDLC02961,retron_type_XII_RT_typeXII,RT-TIR_XII,4.699999999999999e-150,5.699999999999998e-150,0.906,0.975,1517,3211,-,-,2,10,"PDLC02961,retron_type_XII_RT_typeXII, 1, 5.7e-150, 0.906, 0.975 | PDLC02962,retron_XII, 1, 7.9e-149, 0.975, 0.977","PDLC02961, retron_type_XII_RT_typeXII, 5.7e-150, 0.906, 0.975 | PDLC02962, retron_XII, 7.9e-149, 0.975, 0.977"
22,JAYIPV010000059.1,RM_type_IIG,JAYIPV010000059.1_1,PDLC03598,REase_MTase_IIG_00003,REase_MTase_IIG,1.1999999999999993e-266,1.4999999999999993e-266,0.953,0.837,1,2466,+,-,1,7,"PDLC03617,REase_MTase_IIG_00022, 1, 0.00064, 0.082, 0.056 | PDLC03598,REase_MTase_IIG_00003, 1, 1.5e-266, 0.953, 0.837 | PDLC03610,REase_MTase_IIG_00015, 1, 0.0055, 0.111, 0.073 | PDLC03630,REase_MTase_IIG_00035, 1, 1.2e-06, 0.155, 0.105 | PDLC03629,REase_MTase_IIG_00034, 1, 0.016, 0.111, 0.091 | PDLC03609,REase_MTase_IIG_00014, 1, 0.04, 0.092, 0.079 | PDLC03612,REase_MTase_IIG_00017, 1, 0.00015, 0.068, 0.044 | PDLC03612,REase_MTase_IIG_00017, 2, 8.1, 0.079, 0.049 | PDLC03612,REase_MTase_IIG_00017, 3, 15, 0.073, 0.052 | PDLC03604,REase_MTase_IIG_00009, 1, 0.0093, 0.044, 0.036 | PDLC03600,REase_MTase_IIG_00005, 1, 0.00052, 0.08, 0.053 | PDLC03600,REase_MTase_IIG_00005, 2, 56, 0.036, 0.025 | PDLC03627,REase_MTase_IIG_00032, 1, 2e-64, 0.835, 0.632 | PDLC03599,REase_MTase_IIG_00004, 1, 6e-50, 0.912, 0.784","PDLC03598, REase_MTase_IIG_00003, 1.5e-266, 0.953, 0.837 | PDLC03627, REase_MTase_IIG_00032, 2e-64, 0.835, 0.632 | PDLC03599, REase_MTase_IIG_00004, 6e-50, 0.912, 0.784 | PDLC03630, REase_MTase_IIG_00035, 1.2e-06, 0.155, 0.105 | PDLC03612, REase_MTase_IIG_00017, 0.00015, 0.068, 0.044"
