seq_name	chromosome_score	plasmid_score	virus_score
JAYIPP010000001.1	0.9112	0.0835	0.0054
JAYIPP010000002.1	0.9633	0.0340	0.0028
JAYIPP010000003.1	0.9487	0.0473	0.0040
JAYIPP010000004.1	0.9597	0.0372	0.0031
JAYIPP010000005.1	0.9759	0.0219	0.0022
JAYIPP010000006.1	0.9419	0.0541	0.0040
JAYIPP010000007.1	0.9486	0.0476	0.0038
JAYIPP010000008.1	0.9605	0.0364	0.0032
JAYIPP010000009.1	0.9775	0.0202	0.0023
JAYIPP010000010.1	0.9595	0.0376	0.0030
JAYIPP010000011.1	0.9591	0.0375	0.0035
JAYIPP010000012.1	0.9714	0.0263	0.0022
JAYIPP010000013.1	0.9251	0.0705	0.0044
JAYIPP010000014.1	0.9808	0.0176	0.0017
JAYIPP010000015.1	0.9291	0.0666	0.0043
JAYIPP010000016.1	0.9800	0.0181	0.0019
JAYIPP010000017.1	0.9620	0.0352	0.0027
JAYIPP010000018.1	0.9810	0.0173	0.0017
JAYIPP010000019.1	0.9579	0.0391	0.0029
JAYIPP010000020.1	0.8926	0.1016	0.0058
JAYIPP010000021.1	0.8505	0.1403	0.0092
JAYIPP010000022.1	0.0000	1.0000	0.0000
JAYIPP010000023.1	0.9405	0.0558	0.0036
JAYIPP010000024.1	0.9445	0.0514	0.0040
JAYIPP010000025.1	0.9744	0.0229	0.0027
JAYIPP010000026.1	0.9872	0.0117	0.0011
JAYIPP010000027.1	0.9818	0.0165	0.0017
JAYIPP010000028.1	0.9265	0.0690	0.0045
JAYIPP010000029.1	0.9947	0.0046	0.0008
JAYIPP010000030.1	0.9524	0.0441	0.0035
JAYIPP010000031.1	0.9646	0.0328	0.0026
JAYIPP010000032.1	0.9244	0.0709	0.0047
JAYIPP010000033.1	0.9548	0.0417	0.0035
JAYIPP010000034.1	0.9823	0.0162	0.0015
JAYIPP010000035.1	0.8459	0.1474	0.0067
JAYIPP010000036.1	0.6741	0.3186	0.0073
JAYIPP010000037.1	0.9730	0.0231	0.0038
JAYIPP010000038.1	0.9828	0.0152	0.0020
JAYIPP010000039.1	0.9395	0.0564	0.0041
JAYIPP010000040.1	0.9857	0.0131	0.0013
JAYIPP010000041.1	0.9899	0.0092	0.0010
JAYIPP010000042.1	0.5815	0.4101	0.0084
JAYIPP010000043.1	0.0889	0.9071	0.0040
JAYIPP010000044.1	0.9304	0.0627	0.0069
JAYIPP010000045.1	0.0330	0.9655	0.0015
JAYIPP010000046.1	0.9289	0.0660	0.0050
JAYIPP010000047.1	0.9647	0.0322	0.0030
JAYIPP010000048.1	0.9837	0.0146	0.0016
JAYIPP010000049.1	0.9289	0.0667	0.0044
JAYIPP010000050.1	0.9194	0.0759	0.0047
JAYIPP010000051.1	0.9043	0.0890	0.0067
JAYIPP010000052.1	0.9916	0.0075	0.0009
JAYIPP010000053.1	0.5651	0.4290	0.0059
JAYIPP010000054.1	0.0001	0.9998	0.0001
JAYIPP010000055.1	0.9832	0.0136	0.0032
JAYIPP010000056.1	0.9368	0.0596	0.0036
JAYIPP010000057.1	0.2671	0.7242	0.0087
JAYIPP010000058.1	0.9177	0.0734	0.0090
JAYIPP010000059.1	0.8403	0.1514	0.0083
JAYIPP010000060.1	0.9843	0.0138	0.0019
JAYIPP010000061.1	0.0000	0.9999	0.0000
JAYIPP010000062.1	0.1487	0.0467	0.8046
JAYIPP010000063.1	0.9956	0.0039	0.0005
JAYIPP010000064.1	0.5631	0.4039	0.0330
JAYIPP010000065.1	0.9300	0.0638	0.0063
JAYIPP010000066.1	0.9972	0.0022	0.0006
JAYIPP010000067.1	0.9679	0.0300	0.0020
JAYIPP010000068.1	0.8865	0.1073	0.0062
JAYIPP010000069.1	0.0300	0.9671	0.0030
JAYIPP010000070.1	0.0120	0.9859	0.0021
JAYIPP010000071.1	0.9553	0.0402	0.0046
JAYIPP010000072.1	0.8711	0.1231	0.0058
JAYIPP010000073.1	0.9045	0.0921	0.0034
JAYIPP010000074.1	0.9752	0.0225	0.0023
JAYIPP010000075.1	0.0000	0.9999	0.0000
JAYIPP010000076.1	0.0006	0.9983	0.0011
JAYIPP010000077.1	0.0001	0.9998	0.0001
JAYIPP010000078.1	0.9553	0.0413	0.0034
JAYIPP010000079.1	0.0002	0.9997	0.0002
JAYIPP010000080.1	0.1651	0.8162	0.0187
JAYIPP010000081.1	0.0449	0.9514	0.0037
JAYIPP010000082.1	0.9816	0.0172	0.0012
JAYIPP010000083.1	0.1415	0.8540	0.0045
JAYIPP010000084.1	0.0011	0.0265	0.9724
JAYIPP010000085.1	0.0001	0.0002	0.9997
JAYIPP010000086.1	0.0000	1.0000	0.0000
JAYIPP010000087.1	0.4908	0.4928	0.0164
JAYIPP010000088.1	0.9687	0.0293	0.0020
JAYIPP010000089.1	0.0144	0.9696	0.0159
JAYIPP010000090.1	0.5146	0.3972	0.0882
JAYIPP010000091.1	0.7101	0.2866	0.0033
JAYIPP010000092.1	0.4446	0.5114	0.0440
JAYIPP010000093.1	0.9957	0.0032	0.0011
JAYIPP010000094.1	0.0522	0.3668	0.5809
JAYIPP010000095.1	0.3750	0.6225	0.0025
JAYIPP010000096.1	0.2254	0.7548	0.0197
JAYIPP010000097.1	0.9571	0.0381	0.0048
JAYIPP010000098.1	0.4837	0.4951	0.0212
JAYIPP010000099.1	0.8740	0.1111	0.0148
JAYIPP010000100.1	0.7165	0.2377	0.0458
JAYIPP010000101.1	0.1039	0.8467	0.0494
JAYIPP010000102.1	0.7161	0.2600	0.0239
JAYIPP010000103.1	0.1139	0.8615	0.0246
JAYIPP010000104.1	0.0004	0.9994	0.0002
JAYIPP010000105.1	0.6819	0.2757	0.0424
JAYIPP010000106.1	0.9748	0.0119	0.0133
JAYIPP010000107.1	0.9167	0.0776	0.0057
JAYIPP010000108.1	0.0000	1.0000	0.0000
JAYIPP010000109.1	0.0019	0.0008	0.9973
JAYIPP010000110.1	0.0004	0.0007	0.9988
JAYIPP010000111.1	0.0039	0.0015	0.9946
JAYIPP010000112.1	0.5369	0.3357	0.1275
JAYIPP010000113.1	0.0366	0.0961	0.8673
JAYIPP010000114.1	0.2744	0.2590	0.4666
JAYIPP010000115.1	0.0048	0.0027	0.9924
JAYIPP010000116.1	0.5421	0.1622	0.2958
JAYIPP010000117.1	0.3246	0.0739	0.6015
JAYIPP010000118.1	0.0831	0.1262	0.7907
JAYIPP010000119.1	0.7901	0.0704	0.1395
JAYIPP010000120.1	0.3531	0.1449	0.5020
