seq_name	chromosome_score	plasmid_score	virus_score
JAYIVT010000001.1	0.9429	0.0532	0.0040
JAYIVT010000002.1	0.9693	0.0282	0.0025
JAYIVT010000003.1	0.9563	0.0405	0.0032
JAYIVT010000004.1	0.9687	0.0285	0.0028
JAYIVT010000005.1	0.9549	0.0416	0.0034
JAYIVT010000006.1	0.9689	0.0287	0.0024
JAYIVT010000007.1	0.9531	0.0436	0.0033
JAYIVT010000008.1	0.9218	0.0729	0.0053
JAYIVT010000009.1	0.9517	0.0449	0.0034
JAYIVT010000010.1	0.9714	0.0259	0.0027
JAYIVT010000011.1	0.9611	0.0358	0.0031
JAYIVT010000012.1	0.9437	0.0522	0.0041
JAYIVT010000013.1	0.9252	0.0704	0.0044
JAYIVT010000014.1	0.9604	0.0368	0.0028
JAYIVT010000015.1	0.9732	0.0242	0.0027
JAYIVT010000016.1	0.9430	0.0532	0.0039
JAYIVT010000017.1	0.9873	0.0115	0.0011
JAYIVT010000018.1	0.9158	0.0800	0.0042
JAYIVT010000019.1	0.9914	0.0075	0.0011
JAYIVT010000020.1	0.9469	0.0495	0.0036
JAYIVT010000021.1	0.9355	0.0604	0.0041
JAYIVT010000022.1	0.9678	0.0298	0.0025
JAYIVT010000023.1	0.9382	0.0574	0.0043
JAYIVT010000024.1	0.9614	0.0356	0.0031
JAYIVT010000025.1	0.9707	0.0267	0.0026
JAYIVT010000026.1	0.9503	0.0464	0.0033
JAYIVT010000027.1	0.9754	0.0222	0.0024
JAYIVT010000028.1	0.9951	0.0043	0.0006
JAYIVT010000029.1	0.9523	0.0443	0.0034
JAYIVT010000030.1	0.8423	0.1499	0.0078
JAYIVT010000031.1	0.8670	0.1260	0.0069
JAYIVT010000032.1	0.9666	0.0307	0.0027
JAYIVT010000033.1	0.5077	0.4839	0.0084
JAYIVT010000034.1	0.9849	0.0139	0.0012
JAYIVT010000035.1	0.9457	0.0499	0.0044
JAYIVT010000036.1	0.9353	0.0607	0.0040
JAYIVT010000037.1	0.9593	0.0372	0.0035
JAYIVT010000038.1	0.8430	0.1496	0.0074
JAYIVT010000039.1	0.9357	0.0602	0.0041
JAYIVT010000040.1	0.9754	0.0219	0.0027
JAYIVT010000041.1	0.7885	0.2021	0.0094
JAYIVT010000042.1	0.9467	0.0495	0.0038
JAYIVT010000043.1	0.9287	0.0663	0.0050
JAYIVT010000044.1	0.9130	0.0799	0.0071
JAYIVT010000045.1	0.9534	0.0432	0.0034
JAYIVT010000046.1	0.9844	0.0141	0.0015
JAYIVT010000047.1	0.5235	0.4711	0.0055
JAYIVT010000048.1	0.8960	0.0976	0.0064
JAYIVT010000049.1	0.9123	0.0823	0.0054
JAYIVT010000050.1	0.0294	0.9695	0.0011
JAYIVT010000051.1	0.6850	0.3091	0.0059
JAYIVT010000052.1	0.8649	0.1273	0.0078
JAYIVT010000053.1	0.0013	0.9986	0.0001
JAYIVT010000054.1	0.0634	0.9340	0.0026
JAYIVT010000055.1	0.8759	0.1172	0.0068
JAYIVT010000056.1	0.9526	0.0447	0.0027
JAYIVT010000057.1	0.9562	0.0397	0.0041
JAYIVT010000058.1	0.9424	0.0539	0.0037
JAYIVT010000059.1	0.0034	0.9963	0.0003
JAYIVT010000060.1	0.8981	0.0968	0.0051
JAYIVT010000061.1	0.9117	0.0813	0.0070
JAYIVT010000062.1	0.9834	0.0151	0.0014
JAYIVT010000063.1	0.0156	0.9832	0.0012
JAYIVT010000064.1	0.0000	0.9999	0.0000
JAYIVT010000065.1	0.8939	0.1009	0.0051
JAYIVT010000066.1	0.9812	0.0175	0.0013
JAYIVT010000067.1	0.9972	0.0019	0.0009
JAYIVT010000068.1	0.0010	0.9988	0.0002
JAYIVT010000069.1	0.1713	0.8196	0.0091
JAYIVT010000070.1	0.6385	0.3573	0.0042
JAYIVT010000071.1	0.0000	1.0000	0.0000
JAYIVT010000072.1	0.0000	1.0000	0.0000
JAYIVT010000073.1	0.1802	0.8148	0.0049
JAYIVT010000074.1	0.5165	0.4759	0.0076
JAYIVT010000075.1	0.9902	0.0091	0.0007
JAYIVT010000076.1	0.7520	0.2390	0.0090
JAYIVT010000077.1	0.6509	0.3481	0.0010
JAYIVT010000078.1	0.3826	0.5716	0.0459
JAYIVT010000079.1	0.0156	0.9626	0.0218
JAYIVT010000080.1	0.0001	0.0002	0.9997
JAYIVT010000081.1	0.0000	1.0000	0.0000
JAYIVT010000082.1	0.9877	0.0106	0.0017
JAYIVT010000083.1	0.9897	0.0084	0.0019
JAYIVT010000084.1	0.9979	0.0019	0.0002
JAYIVT010000085.1	0.0133	0.9679	0.0188
JAYIVT010000086.1	0.0005	0.9993	0.0002
JAYIVT010000087.1	0.1614	0.6454	0.1931
JAYIVT010000088.1	0.0005	0.9990	0.0005
JAYIVT010000089.1	0.1948	0.5479	0.2573
JAYIVT010000090.1	0.9703	0.0199	0.0098
JAYIVT010000091.1	0.8652	0.1037	0.0311
JAYIVT010000092.1	0.9634	0.0325	0.0041
JAYIVT010000093.1	0.2421	0.4879	0.2700
JAYIVT010000094.1	0.1606	0.7634	0.0759
JAYIVT010000095.1	0.3655	0.4036	0.2309
JAYIVT010000096.1	0.6974	0.2036	0.0990
JAYIVT010000097.1	0.4051	0.2675	0.3274
JAYIVT010000098.1	0.4695	0.0485	0.4820
JAYIVT010000099.1	0.2647	0.1637	0.5717
JAYIVT010000100.1	0.2818	0.5006	0.2176
JAYIVT010000101.1	0.0000	1.0000	0.0000
JAYIVT010000102.1	0.1017	0.5384	0.3599
JAYIVT010000103.1	0.7828	0.1310	0.0862
JAYIVT010000104.1	0.8013	0.1468	0.0518
JAYIVT010000105.1	0.0731	0.1404	0.7865
JAYIVT010000106.1	0.7424	0.0726	0.1849
JAYIVT010000107.1	0.0005	0.0013	0.9982
JAYIVT010000108.1	0.4997	0.4647	0.0356
JAYIVT010000109.1	0.1446	0.0681	0.7873
JAYIVT010000110.1	0.0958	0.0300	0.8742
JAYIVT010000111.1	0.0002	0.9998	0.0000
JAYIVT010000112.1	0.3512	0.5418	0.1069
JAYIVT010000113.1	0.2438	0.0714	0.6848
JAYIVT010000114.1	0.9923	0.0051	0.0026
JAYIVT010000115.1	0.2188	0.0332	0.7480
JAYIVT010000116.1	0.7496	0.0353	0.2152
