seq_name	chromosome_score	plasmid_score	virus_score
JAYIPP010000001.1	0.3995	0.5814	0.0191
JAYIPP010000002.1	0.4726	0.5168	0.0106
JAYIPP010000003.1	0.4331	0.5246	0.0423
JAYIPP010000004.1	0.4563	0.5280	0.0157
JAYIPP010000005.1	0.4993	0.4694	0.0313
JAYIPP010000006.1	0.4338	0.5457	0.0205
JAYIPP010000007.1	0.4289	0.5479	0.0232
JAYIPP010000008.1	0.4787	0.4789	0.0424
JAYIPP010000009.1	0.5091	0.4286	0.0623
JAYIPP010000010.1	0.4642	0.5271	0.0087
JAYIPP010000011.1	0.4171	0.5645	0.0184
JAYIPP010000012.1	0.5221	0.4606	0.0173
JAYIPP010000013.1	0.4612	0.5163	0.0225
JAYIPP010000014.1	0.5400	0.4436	0.0163
JAYIPP010000015.1	0.4337	0.5526	0.0137
JAYIPP010000016.1	0.4942	0.4881	0.0177
JAYIPP010000017.1	0.4836	0.5055	0.0109
JAYIPP010000018.1	0.5282	0.4512	0.0206
JAYIPP010000019.1	0.4804	0.5077	0.0119
JAYIPP010000020.1	0.4134	0.5610	0.0256
JAYIPP010000021.1	0.3232	0.6268	0.0500
JAYIPP010000022.1	0.3278	0.5401	0.1321
JAYIPP010000023.1	0.4697	0.5193	0.0110
JAYIPP010000024.1	0.4269	0.5480	0.0251
JAYIPP010000025.1	0.4381	0.5211	0.0408
JAYIPP010000026.1	0.6241	0.3690	0.0069
JAYIPP010000027.1	0.5088	0.4727	0.0185
JAYIPP010000028.1	0.4249	0.5587	0.0164
JAYIPP010000029.1	0.6083	0.3075	0.0842
JAYIPP010000030.1	0.4554	0.5172	0.0274
JAYIPP010000031.1	0.5319	0.4425	0.0256
JAYIPP010000032.1	0.4194	0.5620	0.0186
JAYIPP010000033.1	0.4320	0.5470	0.0209
JAYIPP010000034.1	0.5491	0.4466	0.0043
JAYIPP010000035.1	0.4009	0.5863	0.0129
JAYIPP010000036.1	0.4199	0.5405	0.0396
JAYIPP010000037.1	0.4656	0.4773	0.0571
JAYIPP010000038.1	0.4692	0.4783	0.0525
JAYIPP010000039.1	0.4420	0.5329	0.0252
JAYIPP010000040.1	0.5744	0.4214	0.0043
JAYIPP010000041.1	0.6044	0.3886	0.0070
JAYIPP010000042.1	0.3874	0.5883	0.0243
JAYIPP010000043.1	0.3495	0.5974	0.0530
JAYIPP010000044.1	0.3364	0.5808	0.0828
JAYIPP010000045.1	0.4461	0.5168	0.0371
JAYIPP010000046.1	0.4183	0.5343	0.0474
JAYIPP010000047.1	0.4362	0.5471	0.0166
JAYIPP010000048.1	0.4891	0.5039	0.0070
JAYIPP010000049.1	0.4579	0.5111	0.0309
JAYIPP010000050.1	0.4462	0.5291	0.0247
JAYIPP010000051.1	0.3583	0.5991	0.0427
JAYIPP010000052.1	0.5638	0.4169	0.0194
JAYIPP010000053.1	0.4393	0.5556	0.0051
JAYIPP010000054.1	0.4173	0.5631	0.0196
JAYIPP010000055.1	0.4022	0.4133	0.1846
JAYIPP010000056.1	0.4547	0.5387	0.0066
JAYIPP010000057.1	0.3309	0.6298	0.0393
JAYIPP010000058.1	0.3337	0.5276	0.1387
JAYIPP010000059.1	0.3279	0.6563	0.0158
JAYIPP010000060.1	0.4454	0.5487	0.0060
JAYIPP010000061.1	0.0601	0.8152	0.1247
JAYIPP010000062.1	0.2251	0.3920	0.3829
JAYIPP010000063.1	0.6183	0.3729	0.0088
JAYIPP010000064.1	0.1773	0.6071	0.2156
JAYIPP010000065.1	0.3930	0.5111	0.0960
JAYIPP010000066.1	0.6744	0.1478	0.1778
JAYIPP010000067.1	0.5699	0.4255	0.0046
JAYIPP010000068.1	0.4540	0.4817	0.0643
JAYIPP010000069.1	0.3453	0.6401	0.0146
JAYIPP010000070.1	0.3034	0.6144	0.0822
JAYIPP010000071.1	0.3550	0.6165	0.0285
JAYIPP010000072.1	0.4232	0.5684	0.0084
JAYIPP010000073.1	0.5585	0.4290	0.0125
JAYIPP010000074.1	0.5145	0.4386	0.0469
JAYIPP010000075.1	0.3006	0.6414	0.0580
JAYIPP010000076.1	0.3092	0.5068	0.1840
JAYIPP010000077.1	0.2569	0.5676	0.1756
JAYIPP010000078.1	0.4395	0.5470	0.0135
JAYIPP010000079.1	0.3702	0.6062	0.0236
JAYIPP010000080.1	0.3382	0.6539	0.0079
JAYIPP010000081.1	0.2358	0.7538	0.0104
JAYIPP010000082.1	0.6632	0.3355	0.0013
JAYIPP010000083.1	0.3165	0.6629	0.0207
JAYIPP010000084.1	0.0344	0.4852	0.4804
JAYIPP010000085.1	0.1020	0.1202	0.7778
JAYIPP010000086.1	0.0047	0.9452	0.0501
JAYIPP010000087.1	0.1920	0.7787	0.0294
JAYIPP010000088.1	0.5935	0.4029	0.0036
JAYIPP010000089.1	0.0972	0.8281	0.0747
JAYIPP010000090.1	0.6020	0.3147	0.0832
JAYIPP010000091.1	0.5316	0.4313	0.0370
JAYIPP010000092.1	0.1079	0.6347	0.2574
JAYIPP010000093.1	0.4608	0.2314	0.3078
JAYIPP010000094.1	0.0496	0.3187	0.6317
JAYIPP010000095.1	0.6636	0.2344	0.1020
JAYIPP010000096.1	0.3091	0.5803	0.1106
JAYIPP010000097.1	0.7396	0.1719	0.0884
JAYIPP010000098.1	0.4478	0.5486	0.0037
JAYIPP010000099.1	0.5268	0.3326	0.1406
JAYIPP010000100.1	0.4602	0.3536	0.1862
JAYIPP010000101.1	0.3665	0.5559	0.0776
JAYIPP010000102.1	0.4029	0.4360	0.1610
JAYIPP010000103.1	0.1815	0.6284	0.1901
JAYIPP010000104.1	0.4807	0.4689	0.0504
JAYIPP010000105.1	0.3693	0.3512	0.2794
JAYIPP010000106.1	0.3507	0.0813	0.5680
JAYIPP010000107.1	0.4343	0.4928	0.0729
JAYIPP010000108.1	0.1747	0.7655	0.0598
JAYIPP010000109.1	0.4129	0.4981	0.0890
JAYIPP010000110.1	0.2351	0.7088	0.0561
JAYIPP010000111.1	0.4812	0.3405	0.1783
JAYIPP010000112.1	0.5916	0.2754	0.1331
JAYIPP010000113.1	0.0919	0.1294	0.7787
JAYIPP010000114.1	0.3004	0.1760	0.5236
JAYIPP010000115.1	0.2138	0.2924	0.4937
JAYIPP010000116.1	0.4107	0.1337	0.4556
JAYIPP010000117.1	0.2649	0.1541	0.5810
JAYIPP010000118.1	0.2375	0.2069	0.5556
JAYIPP010000119.1	0.4862	0.1730	0.3409
JAYIPP010000120.1	0.1410	0.2124	0.6466
