seq_name	chromosome_score	plasmid_score	virus_score
JAYIPB010000001.1	0.9454	0.0506	0.0040
JAYIPB010000002.1	0.9673	0.0302	0.0026
JAYIPB010000003.1	0.9642	0.0330	0.0028
JAYIPB010000004.1	0.9324	0.0630	0.0046
JAYIPB010000005.1	0.9517	0.0445	0.0038
JAYIPB010000006.1	0.9561	0.0404	0.0036
JAYIPB010000007.1	0.9761	0.0219	0.0020
JAYIPB010000008.1	0.9453	0.0508	0.0038
JAYIPB010000009.1	0.9856	0.0129	0.0016
JAYIPB010000010.1	0.9372	0.0589	0.0039
JAYIPB010000011.1	0.9327	0.0626	0.0047
JAYIPB010000012.1	0.9775	0.0203	0.0022
JAYIPB010000013.1	0.9352	0.0604	0.0044
JAYIPB010000014.1	0.9252	0.0689	0.0059
JAYIPB010000015.1	0.9912	0.0079	0.0009
JAYIPB010000016.1	0.8998	0.0937	0.0066
JAYIPB010000017.1	0.9040	0.0896	0.0065
JAYIPB010000018.1	0.9517	0.0446	0.0037
JAYIPB010000019.1	0.9188	0.0761	0.0051
JAYIPB010000020.1	0.9391	0.0566	0.0043
JAYIPB010000021.1	0.9891	0.0097	0.0012
JAYIPB010000022.1	0.9825	0.0160	0.0015
JAYIPB010000023.1	0.9600	0.0372	0.0028
JAYIPB010000024.1	0.9611	0.0354	0.0034
JAYIPB010000025.1	0.9098	0.0847	0.0055
JAYIPB010000026.1	0.9232	0.0713	0.0055
JAYIPB010000027.1	0.9341	0.0616	0.0043
JAYIPB010000028.1	0.0003	0.9996	0.0001
JAYIPB010000029.1	0.9702	0.0274	0.0023
JAYIPB010000030.1	0.9793	0.0187	0.0020
JAYIPB010000031.1	0.9817	0.0168	0.0015
JAYIPB010000032.1	0.8398	0.1525	0.0077
JAYIPB010000033.1	0.9249	0.0704	0.0046
JAYIPB010000034.1	0.9692	0.0285	0.0022
JAYIPB010000035.1	0.9665	0.0293	0.0042
JAYIPB010000036.1	0.9166	0.0783	0.0050
JAYIPB010000037.1	0.9703	0.0274	0.0023
JAYIPB010000038.1	0.9836	0.0150	0.0015
JAYIPB010000039.1	0.2160	0.7757	0.0083
JAYIPB010000040.1	0.0018	0.9980	0.0002
JAYIPB010000041.1	0.9734	0.0242	0.0024
JAYIPB010000042.1	0.9885	0.0093	0.0023
JAYIPB010000043.1	0.0003	0.9996	0.0001
JAYIPB010000044.1	0.9560	0.0412	0.0029
JAYIPB010000045.1	0.0001	0.9998	0.0001
JAYIPB010000046.1	0.0005	0.0631	0.9364
JAYIPB010000047.1	0.0000	0.9999	0.0001
JAYIPB010000048.1	0.9927	0.0065	0.0008
JAYIPB010000049.1	0.0008	0.9983	0.0008
JAYIPB010000050.1	0.9714	0.0267	0.0018
JAYIPB010000051.1	0.9961	0.0029	0.0010
JAYIPB010000052.1	0.0078	0.9905	0.0017
JAYIPB010000053.1	0.0000	0.9999	0.0000
JAYIPB010000054.1	0.9646	0.0331	0.0023
JAYIPB010000055.1	0.7701	0.2221	0.0077
JAYIPB010000056.1	0.0336	0.9554	0.0110
JAYIPB010000057.1	0.0001	0.9998	0.0001
JAYIPB010000058.1	0.9289	0.0681	0.0030
JAYIPB010000059.1	0.0306	0.9571	0.0123
JAYIPB010000060.1	0.9384	0.0610	0.0006
JAYIPB010000061.1	0.9324	0.0606	0.0070
JAYIPB010000062.1	0.9969	0.0027	0.0004
JAYIPB010000063.1	0.0281	0.9649	0.0070
JAYIPB010000064.1	0.0003	0.9996	0.0001
JAYIPB010000065.1	0.0002	0.9997	0.0001
JAYIPB010000066.1	0.4562	0.5255	0.0183
JAYIPB010000067.1	0.0003	0.9994	0.0003
JAYIPB010000068.1	0.0004	0.9990	0.0006
JAYIPB010000069.1	0.7744	0.2046	0.0209
JAYIPB010000070.1	0.0022	0.9840	0.0138
JAYIPB010000071.1	0.0235	0.9376	0.0390
JAYIPB010000072.1	0.4642	0.4832	0.0527
JAYIPB010000073.1	0.0000	0.9999	0.0000
JAYIPB010000074.1	0.6180	0.2714	0.1106
JAYIPB010000075.1	0.5484	0.3388	0.1127
JAYIPB010000076.1	0.0470	0.8814	0.0715
JAYIPB010000077.1	0.0001	0.9999	0.0000
JAYIPB010000078.1	0.4289	0.3034	0.2677
JAYIPB010000079.1	0.2218	0.7525	0.0256
JAYIPB010000080.1	0.4881	0.4002	0.1117
JAYIPB010000081.1	0.6172	0.3681	0.0147
JAYIPB010000082.1	0.9972	0.0021	0.0006
JAYIPB010000083.1	0.2623	0.0497	0.6879
JAYIPB010000084.1	0.7892	0.1855	0.0253
JAYIPB010000085.1	0.8814	0.0434	0.0752
JAYIPB010000086.1	0.3057	0.1941	0.5002
JAYIPB010000087.1	0.8277	0.0859	0.0864
JAYIPB010000088.1	0.2894	0.5188	0.1919
JAYIPB010000089.1	0.7753	0.0595	0.1653
JAYIPB010000090.1	0.0004	0.9996	0.0000
JAYIPB010000091.1	0.2592	0.0479	0.6929
JAYIPB010000092.1	0.7262	0.2462	0.0276
JAYIPB010000093.1	0.6131	0.1112	0.2756
JAYIPB010000094.1	0.3926	0.4243	0.1831
JAYIPB010000095.1	0.7978	0.0564	0.1459
JAYIPB010000096.1	0.6397	0.1258	0.2345
JAYIPB010000097.1	0.5507	0.0576	0.3917
JAYIPB010000098.1	0.8989	0.0883	0.0128
JAYIPB010000099.1	0.4855	0.0560	0.4585
JAYIPB010000100.1	0.6721	0.0729	0.2551
JAYIPB010000101.1	0.7100	0.0563	0.2337
JAYIPB010000102.1	0.7662	0.1353	0.0985
JAYIPB010000103.1	0.1598	0.2685	0.5717
JAYIPB010000104.1	0.2163	0.0746	0.7091
JAYIPB010000105.1	0.5137	0.0582	0.4282
JAYIPB010000106.1	0.8339	0.0325	0.1336
JAYIPB010000107.1	0.6797	0.0370	0.2833
JAYIPB010000108.1	0.0000	1.0000	0.0000
JAYIPB010000109.1	0.2475	0.0720	0.6805
JAYIPB010000110.1	0.8109	0.0778	0.1113
JAYIPB010000111.1	0.7543	0.1257	0.1200
JAYIPB010000112.1	0.6414	0.0525	0.3062
JAYIPB010000113.1	0.8132	0.0562	0.1306
JAYIPB010000114.1	0.4288	0.0486	0.5226
JAYIPB010000115.1	0.6933	0.0387	0.2680
JAYIPB010000116.1	0.6508	0.0470	0.3022
JAYIPB010000117.1	0.0001	0.9998	0.0000
JAYIPB010000118.1	0.5968	0.0540	0.3492
JAYIPB010000119.1	0.3720	0.0621	0.5659
JAYIPB010000120.1	0.1978	0.0656	0.7366
JAYIPB010000121.1	0.2252	0.0600	0.7148
JAYIPB010000122.1	0.3446	0.0468	0.6086
JAYIPB010000123.1	0.3591	0.0964	0.5445
JAYIPB010000124.1	0.6262	0.0575	0.3162
JAYIPB010000125.1	0.3096	0.0944	0.5960
JAYIPB010000126.1	0.9911	0.0057	0.0032
JAYIPB010000127.1	0.1115	0.0354	0.8531
JAYIPB010000128.1	0.2455	0.0662	0.6882
