seq_name	chromosome_score	plasmid_score	virus_score
JAYIVC010000001.1	0.9593	0.0376	0.0030
JAYIVC010000002.1	0.9416	0.0543	0.0041
JAYIVC010000003.1	0.9582	0.0386	0.0033
JAYIVC010000004.1	0.9570	0.0393	0.0037
JAYIVC010000005.1	0.9391	0.0564	0.0045
JAYIVC010000006.1	0.9542	0.0424	0.0034
JAYIVC010000007.1	0.9749	0.0228	0.0023
JAYIVC010000008.1	0.9249	0.0708	0.0043
JAYIVC010000009.1	0.9064	0.0878	0.0058
JAYIVC010000010.1	0.9515	0.0451	0.0033
JAYIVC010000011.1	0.9801	0.0182	0.0018
JAYIVC010000012.1	0.9758	0.0222	0.0020
JAYIVC010000013.1	0.9433	0.0520	0.0047
JAYIVC010000014.1	0.9342	0.0616	0.0041
JAYIVC010000015.1	0.9506	0.0460	0.0034
JAYIVC010000016.1	0.9244	0.0711	0.0045
JAYIVC010000017.1	0.9598	0.0374	0.0028
JAYIVC010000018.1	0.9588	0.0380	0.0031
JAYIVC010000019.1	0.9491	0.0474	0.0036
JAYIVC010000020.1	0.9819	0.0165	0.0016
JAYIVC010000021.1	0.9178	0.0764	0.0058
JAYIVC010000022.1	0.9906	0.0080	0.0013
JAYIVC010000023.1	0.9176	0.0768	0.0056
JAYIVC010000024.1	0.9089	0.0849	0.0062
JAYIVC010000025.1	0.9783	0.0191	0.0026
JAYIVC010000026.1	0.9287	0.0664	0.0049
JAYIVC010000027.1	0.9510	0.0454	0.0036
JAYIVC010000028.1	0.9856	0.0131	0.0013
JAYIVC010000029.1	0.4663	0.5265	0.0072
JAYIVC010000030.1	0.9236	0.0717	0.0046
JAYIVC010000031.1	0.9872	0.0115	0.0013
JAYIVC010000032.1	0.9916	0.0075	0.0010
JAYIVC010000033.1	0.9737	0.0242	0.0021
JAYIVC010000034.1	0.8965	0.0996	0.0038
JAYIVC010000035.1	0.9589	0.0381	0.0030
JAYIVC010000036.1	0.9023	0.0915	0.0061
JAYIVC010000037.1	0.9258	0.0702	0.0040
JAYIVC010000038.1	0.8928	0.1003	0.0068
JAYIVC010000039.1	0.9789	0.0189	0.0021
JAYIVC010000040.1	0.9156	0.0789	0.0055
JAYIVC010000041.1	0.8839	0.1101	0.0060
JAYIVC010000042.1	0.8645	0.1287	0.0068
JAYIVC010000043.1	0.9427	0.0520	0.0053
JAYIVC010000044.1	0.0021	0.9975	0.0005
JAYIVC010000045.1	0.0018	0.9979	0.0002
JAYIVC010000046.1	0.9089	0.0858	0.0053
JAYIVC010000047.1	0.9645	0.0321	0.0035
JAYIVC010000048.1	0.9419	0.0541	0.0040
JAYIVC010000049.1	0.9333	0.0614	0.0052
JAYIVC010000050.1	0.1041	0.8943	0.0016
JAYIVC010000051.1	0.8792	0.1148	0.0060
JAYIVC010000052.1	0.9829	0.0157	0.0015
JAYIVC010000053.1	0.9836	0.0148	0.0016
JAYIVC010000054.1	0.9470	0.0496	0.0034
JAYIVC010000055.1	0.9884	0.0104	0.0013
JAYIVC010000056.1	0.9761	0.0215	0.0024
JAYIVC010000057.1	0.0036	0.9959	0.0004
JAYIVC010000058.1	0.8924	0.1012	0.0063
JAYIVC010000059.1	0.9615	0.0361	0.0025
JAYIVC010000060.1	0.0046	0.9942	0.0012
JAYIVC010000061.1	0.5415	0.4502	0.0083
JAYIVC010000062.1	0.9978	0.0016	0.0006
JAYIVC010000063.1	0.3171	0.6760	0.0069
JAYIVC010000064.1	0.5659	0.4299	0.0042
JAYIVC010000065.1	0.1112	0.8712	0.0176
JAYIVC010000066.1	0.0000	1.0000	0.0000
JAYIVC010000067.1	0.0000	1.0000	0.0000
JAYIVC010000068.1	0.0151	0.9822	0.0028
JAYIVC010000069.1	0.9560	0.0420	0.0020
JAYIVC010000070.1	0.0003	0.9995	0.0002
JAYIVC010000071.1	0.9347	0.0613	0.0039
JAYIVC010000072.1	0.0000	1.0000	0.0000
JAYIVC010000073.1	0.0064	0.9925	0.0011
JAYIVC010000074.1	0.9064	0.0891	0.0046
JAYIVC010000075.1	0.0052	0.9823	0.0124
JAYIVC010000076.1	0.0009	0.9991	0.0001
JAYIVC010000077.1	0.9565	0.0430	0.0005
JAYIVC010000078.1	0.0594	0.9096	0.0311
JAYIVC010000079.1	0.0003	0.9986	0.0011
JAYIVC010000080.1	0.0055	0.1253	0.8692
JAYIVC010000081.1	0.9960	0.0036	0.0004
JAYIVC010000082.1	0.5603	0.3589	0.0808
JAYIVC010000083.1	0.0000	1.0000	0.0000
JAYIVC010000084.1	0.0001	0.9998	0.0001
JAYIVC010000085.1	0.9364	0.0573	0.0063
JAYIVC010000086.1	0.9922	0.0069	0.0009
JAYIVC010000087.1	0.5251	0.3923	0.0826
JAYIVC010000088.1	0.0303	0.9262	0.0435
JAYIVC010000089.1	0.9905	0.0087	0.0008
JAYIVC010000090.1	0.0384	0.0988	0.8628
JAYIVC010000091.1	0.1487	0.8020	0.0494
JAYIVC010000092.1	0.4606	0.4081	0.1314
JAYIVC010000093.1	0.3381	0.5394	0.1225
JAYIVC010000094.1	0.8721	0.0814	0.0465
JAYIVC010000095.1	0.9752	0.0236	0.0011
JAYIVC010000096.1	0.2061	0.7106	0.0833
JAYIVC010000097.1	0.0108	0.9888	0.0003
JAYIVC010000098.1	0.1649	0.7115	0.1236
JAYIVC010000099.1	0.0137	0.9795	0.0069
JAYIVC010000100.1	0.0008	0.9981	0.0012
JAYIVC010000101.1	0.2322	0.6754	0.0924
JAYIVC010000102.1	0.4423	0.1271	0.4306
JAYIVC010000103.1	0.0001	0.9999	0.0000
JAYIVC010000104.1	0.8419	0.1129	0.0451
JAYIVC010000105.1	0.0001	0.9997	0.0002
JAYIVC010000106.1	0.8272	0.1083	0.0645
JAYIVC010000107.1	0.8013	0.1468	0.0518
JAYIVC010000108.1	0.3973	0.3101	0.2925
JAYIVC010000109.1	0.2123	0.0414	0.7463
JAYIVC010000110.1	0.1163	0.0380	0.8457
JAYIVC010000111.1	0.0001	0.9999	0.0000
JAYIVC010000112.1	0.3512	0.5418	0.1069
JAYIVC010000113.1	0.2872	0.1211	0.5918
