seq_name	chromosome_score	plasmid_score	virus_score
JAYIOL010000001.1	0.4933	0.4766	0.0300
JAYIOL010000002.1	0.4778	0.4870	0.0352
JAYIOL010000003.1	0.4712	0.5121	0.0167
JAYIOL010000004.1	0.4212	0.5471	0.0317
JAYIOL010000005.1	0.4466	0.5142	0.0392
JAYIOL010000006.1	0.4588	0.5016	0.0397
JAYIOL010000007.1	0.4630	0.5115	0.0256
JAYIOL010000008.1	0.3813	0.5919	0.0268
JAYIOL010000009.1	0.4692	0.4762	0.0547
JAYIOL010000010.1	0.4765	0.4969	0.0266
JAYIOL010000011.1	0.4272	0.5460	0.0268
JAYIOL010000012.1	0.3800	0.5645	0.0555
JAYIOL010000013.1	0.5576	0.4335	0.0089
JAYIOL010000014.1	0.5332	0.4568	0.0100
JAYIOL010000015.1	0.3573	0.6101	0.0326
JAYIOL010000016.1	0.4203	0.5395	0.0402
JAYIOL010000017.1	0.3832	0.6030	0.0138
JAYIOL010000018.1	0.4035	0.5774	0.0191
JAYIOL010000019.1	0.3179	0.6333	0.0488
JAYIOL010000020.1	0.4734	0.5056	0.0210
JAYIOL010000021.1	0.5323	0.4473	0.0205
JAYIOL010000022.1	0.5887	0.3938	0.0175
JAYIOL010000023.1	0.4803	0.5112	0.0085
JAYIOL010000024.1	0.4180	0.5547	0.0273
JAYIOL010000025.1	0.4232	0.5477	0.0291
JAYIOL010000026.1	0.3758	0.5931	0.0311
JAYIOL010000027.1	0.3927	0.5373	0.0700
JAYIOL010000028.1	0.4355	0.5440	0.0205
JAYIOL010000029.1	0.3995	0.5899	0.0105
JAYIOL010000030.1	0.6080	0.3778	0.0142
JAYIOL010000031.1	0.4836	0.4843	0.0321
JAYIOL010000032.1	0.4230	0.5599	0.0171
JAYIOL010000033.1	0.4185	0.5490	0.0325
JAYIOL010000034.1	0.3801	0.5967	0.0232
JAYIOL010000035.1	0.4322	0.5565	0.0113
JAYIOL010000036.1	0.4865	0.4615	0.0520
JAYIOL010000037.1	0.4979	0.4952	0.0069
JAYIOL010000038.1	0.4894	0.5052	0.0054
JAYIOL010000039.1	0.3905	0.5956	0.0139
JAYIOL010000040.1	0.5199	0.4576	0.0225
JAYIOL010000041.1	0.4015	0.5808	0.0177
JAYIOL010000042.1	0.5062	0.4458	0.0481
JAYIOL010000043.1	0.3269	0.6636	0.0095
JAYIOL010000044.1	0.5300	0.2926	0.1774
JAYIOL010000045.1	0.4630	0.5111	0.0259
JAYIOL010000046.1	0.5007	0.4921	0.0072
JAYIOL010000047.1	0.4356	0.5204	0.0440
JAYIOL010000048.1	0.0603	0.7020	0.2377
JAYIOL010000049.1	0.1971	0.7254	0.0775
JAYIOL010000050.1	0.6094	0.3843	0.0063
JAYIOL010000051.1	0.2920	0.4058	0.3021
JAYIOL010000052.1	0.2196	0.7117	0.0687
JAYIOL010000053.1	0.6777	0.0768	0.2455
JAYIOL010000054.1	0.1902	0.7824	0.0274
JAYIOL010000055.1	0.4533	0.5252	0.0215
JAYIOL010000056.1	0.2451	0.6244	0.1305
JAYIOL010000057.1	0.4891	0.4981	0.0127
JAYIOL010000058.1	0.2075	0.7371	0.0555
JAYIOL010000059.1	0.9013	0.0708	0.0278
JAYIOL010000060.1	0.4426	0.3859	0.1716
JAYIOL010000061.1	0.7533	0.2422	0.0044
JAYIOL010000062.1	0.0910	0.8300	0.0791
JAYIOL010000063.1	0.5170	0.4278	0.0552
JAYIOL010000064.1	0.1973	0.7659	0.0368
JAYIOL010000065.1	0.1977	0.7283	0.0740
JAYIOL010000066.1	0.1824	0.7537	0.0639
JAYIOL010000067.1	0.6589	0.3034	0.0378
JAYIOL010000068.1	0.1092	0.7417	0.1491
JAYIOL010000069.1	0.5696	0.3864	0.0440
JAYIOL010000070.1	0.3537	0.3609	0.2855
JAYIOL010000071.1	0.5862	0.2498	0.1640
JAYIOL010000072.1	0.3545	0.3745	0.2710
JAYIOL010000073.1	0.4118	0.4309	0.1573
JAYIOL010000074.1	0.1922	0.3063	0.5015
JAYIOL010000075.1	0.3607	0.4931	0.1462
JAYIOL010000076.1	0.1821	0.5118	0.3061
JAYIOL010000077.1	0.2974	0.4783	0.2243
JAYIOL010000078.1	0.5058	0.3955	0.0988
JAYIOL010000079.1	0.4872	0.4440	0.0688
JAYIOL010000080.1	0.3156	0.1205	0.5639
JAYIOL010000081.1	0.1710	0.3658	0.4632
JAYIOL010000082.1	0.5970	0.1373	0.2657
JAYIOL010000083.1	0.2021	0.2128	0.5851
JAYIOL010000084.1	0.3383	0.3621	0.2996
JAYIOL010000085.1	0.2277	0.1194	0.6529
JAYIOL010000086.1	0.3041	0.1126	0.5833
JAYIOL010000087.1	0.7598	0.1957	0.0444
JAYIOL010000088.1	0.4609	0.2385	0.3006
JAYIOL010000089.1	0.4233	0.0942	0.4825
JAYIOL010000090.1	0.2420	0.2139	0.5440
JAYIOL010000091.1	0.3065	0.2577	0.4357
JAYIOL010000092.1	0.3351	0.2106	0.4543
JAYIOL010000093.1	0.1493	0.1673	0.6834
JAYIOL010000094.1	0.2579	0.2139	0.5282
JAYIOL010000095.1	0.3391	0.1265	0.5344
JAYIOL010000096.1	0.4750	0.0903	0.4348
JAYIOL010000097.1	0.4395	0.0929	0.4675
JAYIOL010000098.1	0.2312	0.1026	0.6662
JAYIOL010000099.1	0.1640	0.1335	0.7025
JAYIOL010000100.1	0.2034	0.2208	0.5758
JAYIOL010000101.1	0.4109	0.1772	0.4119
JAYIOL010000102.1	0.3834	0.1682	0.4485
JAYIOL010000103.1	0.4292	0.1286	0.4422
JAYIOL010000104.1	0.4376	0.0979	0.4644
JAYIOL010000105.1	0.3754	0.1018	0.5229
JAYIOL010000106.1	0.1847	0.1529	0.6624
JAYIOL010000107.1	0.5213	0.1353	0.3434
JAYIOL010000108.1	0.2865	0.0841	0.6294
JAYIOL010000109.1	0.2310	0.1092	0.6598
JAYIOL010000110.1	0.2824	0.1858	0.5318
JAYIOL010000111.1	0.2210	0.1415	0.6375
