seq_name	chromosome_score	plasmid_score	virus_score
JAUIPC010000001.1	0.4465	0.5332	0.0202
JAUIPC010000002.1	0.4212	0.5562	0.0226
JAUIPC010000003.1	0.4718	0.5035	0.0247
JAUIPC010000004.1	0.5140	0.4669	0.0192
JAUIPC010000005.1	0.4261	0.5190	0.0549
JAUIPC010000006.1	0.4398	0.5186	0.0416
JAUIPC010000007.1	0.5118	0.4639	0.0243
JAUIPC010000008.1	0.4866	0.4765	0.0369
JAUIPC010000009.1	0.4154	0.5457	0.0388
JAUIPC010000010.1	0.4833	0.4953	0.0214
JAUIPC010000011.1	0.3788	0.5712	0.0501
JAUIPC010000012.1	0.4206	0.5484	0.0309
JAUIPC010000013.1	0.4669	0.5049	0.0283
JAUIPC010000014.1	0.4578	0.5144	0.0278
JAUIPC010000015.1	0.4481	0.5405	0.0114
JAUIPC010000016.1	0.4358	0.5174	0.0468
JAUIPC010000017.1	0.4928	0.4867	0.0205
JAUIPC010000018.1	0.4062	0.5821	0.0118
JAUIPC010000019.1	0.4429	0.5276	0.0295
JAUIPC010000020.1	0.5738	0.3689	0.0573
JAUIPC010000021.1	0.3279	0.6190	0.0531
JAUIPC010000022.1	0.4603	0.5148	0.0250
JAUIPC010000023.1	0.4698	0.4444	0.0858
JAUIPC010000024.1	0.5678	0.4217	0.0105
JAUIPC010000025.1	0.5735	0.4115	0.0149
JAUIPC010000026.1	0.5045	0.4802	0.0152
JAUIPC010000027.1	0.5798	0.3274	0.0927
JAUIPC010000028.1	0.4828	0.4833	0.0339
JAUIPC010000029.1	0.4009	0.5163	0.0828
JAUIPC010000030.1	0.5205	0.4590	0.0206
JAUIPC010000031.1	0.3551	0.6023	0.0426
JAUIPC010000032.1	0.4898	0.4935	0.0167
JAUIPC010000033.1	0.3905	0.5966	0.0129
JAUIPC010000034.1	0.4464	0.5293	0.0243
JAUIPC010000035.1	0.6603	0.3342	0.0055
JAUIPC010000036.1	0.4626	0.4933	0.0441
JAUIPC010000037.1	0.4379	0.5411	0.0210
JAUIPC010000038.1	0.4340	0.5512	0.0148
JAUIPC010000039.1	0.4785	0.4632	0.0583
JAUIPC010000040.1	0.4597	0.5127	0.0276
JAUIPC010000041.1	0.4190	0.5603	0.0207
JAUIPC010000042.1	0.4751	0.5139	0.0110
JAUIPC010000043.1	0.4857	0.5048	0.0095
JAUIPC010000044.1	0.5141	0.4796	0.0063
JAUIPC010000045.1	0.5638	0.4287	0.0076
JAUIPC010000046.1	0.4309	0.5574	0.0117
JAUIPC010000047.1	0.3146	0.6588	0.0267
JAUIPC010000048.1	0.2750	0.7192	0.0058
JAUIPC010000049.1	0.5480	0.4441	0.0079
JAUIPC010000050.1	0.4344	0.5391	0.0265
JAUIPC010000051.1	0.3409	0.6483	0.0108
JAUIPC010000052.1	0.4176	0.5717	0.0107
JAUIPC010000053.1	0.3891	0.5675	0.0434
JAUIPC010000054.1	0.4991	0.3788	0.1221
JAUIPC010000055.1	0.5134	0.4790	0.0076
JAUIPC010000056.1	0.3571	0.5922	0.0507
JAUIPC010000057.1	0.6318	0.3597	0.0085
JAUIPC010000058.1	0.4759	0.5124	0.0117
JAUIPC010000059.1	0.3619	0.5483	0.0898
JAUIPC010000060.1	0.3893	0.4755	0.1352
JAUIPC010000061.1	0.3548	0.6279	0.0173
JAUIPC010000062.1	0.3410	0.4754	0.1836
JAUIPC010000063.1	0.3750	0.6057	0.0193
JAUIPC010000064.1	0.3754	0.5957	0.0289
JAUIPC010000065.1	0.6300	0.3669	0.0031
JAUIPC010000066.1	0.4723	0.5016	0.0261
JAUIPC010000067.1	0.4245	0.5675	0.0081
JAUIPC010000068.1	0.6431	0.3496	0.0073
JAUIPC010000069.1	0.6856	0.2787	0.0357
JAUIPC010000070.1	0.2571	0.7290	0.0139
JAUIPC010000071.1	0.4058	0.5819	0.0124
JAUIPC010000072.1	0.2155	0.7440	0.0405
JAUIPC010000073.1	0.6481	0.1681	0.1838
JAUIPC010000074.1	0.4256	0.5615	0.0128
JAUIPC010000075.1	0.1136	0.8387	0.0476
JAUIPC010000076.1	0.4285	0.5690	0.0026
JAUIPC010000077.1	0.4786	0.5182	0.0032
JAUIPC010000078.1	0.5530	0.3603	0.0868
JAUIPC010000079.1	0.4651	0.5269	0.0080
JAUIPC010000080.1	0.5136	0.4502	0.0362
JAUIPC010000081.1	0.2181	0.7130	0.0689
JAUIPC010000082.1	0.0813	0.6708	0.2479
JAUIPC010000083.1	0.2123	0.5931	0.1946
JAUIPC010000084.1	0.5766	0.4172	0.0062
JAUIPC010000085.1	0.1624	0.8358	0.0019
JAUIPC010000086.1	0.5701	0.4260	0.0038
JAUIPC010000087.1	0.0675	0.9221	0.0104
JAUIPC010000088.1	0.2103	0.6316	0.1581
JAUIPC010000089.1	0.2407	0.6756	0.0837
JAUIPC010000090.1	0.3349	0.6414	0.0238
JAUIPC010000091.1	0.6298	0.3073	0.0629
JAUIPC010000092.1	0.1317	0.4680	0.4003
JAUIPC010000093.1	0.7865	0.1042	0.1093
JAUIPC010000094.1	0.1316	0.7863	0.0821
JAUIPC010000095.1	0.0697	0.8140	0.1163
JAUIPC010000096.1	0.0239	0.9199	0.0562
JAUIPC010000097.1	0.1883	0.6987	0.1130
JAUIPC010000098.1	0.0480	0.8088	0.1432
JAUIPC010000099.1	0.3697	0.5789	0.0514
JAUIPC010000100.1	0.5410	0.1229	0.3361
JAUIPC010000101.1	0.2255	0.6218	0.1527
JAUIPC010000102.1	0.2536	0.6582	0.0882
JAUIPC010000103.1	0.6162	0.3637	0.0201
JAUIPC010000104.1	0.5219	0.3793	0.0988
JAUIPC010000105.1	0.7363	0.2404	0.0233
JAUIPC010000106.1	0.4272	0.4411	0.1317
JAUIPC010000107.1	0.2845	0.6591	0.0564
JAUIPC010000108.1	0.7132	0.2442	0.0426
JAUIPC010000109.1	0.4751	0.4966	0.0283
JAUIPC010000110.1	0.1808	0.6922	0.1270
JAUIPC010000111.1	0.0392	0.0529	0.9080
JAUIPC010000112.1	0.5921	0.3329	0.0750
JAUIPC010000113.1	0.4827	0.3837	0.1337
JAUIPC010000114.1	0.3320	0.5009	0.1671
JAUIPC010000115.1	0.6500	0.3375	0.0124
JAUIPC010000116.1	0.2413	0.5192	0.2394
JAUIPC010000117.1	0.7644	0.1897	0.0460
JAUIPC010000118.1	0.2134	0.0622	0.7244
JAUIPC010000119.1	0.3159	0.1624	0.5218
JAUIPC010000120.1	0.3380	0.1579	0.5041
JAUIPC010000121.1	0.6595	0.2402	0.1003
JAUIPC010000122.1	0.3212	0.4580	0.2208
JAUIPC010000123.1	0.3294	0.1743	0.4963
JAUIPC010000124.1	0.4493	0.2986	0.2521
JAUIPC010000125.1	0.0895	0.1903	0.7201
JAUIPC010000126.1	0.1703	0.2984	0.5313
JAUIPC010000127.1	0.2301	0.3397	0.4302
JAUIPC010000128.1	0.2827	0.1156	0.6017
JAUIPC010000129.1	0.4931	0.2011	0.3058
JAUIPC010000130.1	0.3223	0.2543	0.4234
JAUIPC010000131.1	0.2578	0.1397	0.6025
JAUIPC010000132.1	0.7433	0.1518	0.1049
JAUIPC010000133.1	0.3905	0.2906	0.3189
JAUIPC010000134.1	0.3828	0.3401	0.2770
JAUIPC010000135.1	0.7592	0.1452	0.0956
JAUIPC010000136.1	0.4750	0.1991	0.3259
JAUIPC010000137.1	0.5003	0.1542	0.3455
JAUIPC010000138.1	0.2564	0.1571	0.5865
JAUIPC010000139.1	0.4695	0.1535	0.3770
