seq_name	chromosome_score	plasmid_score	virus_score
JAYIPI010000001.1	0.4924	0.4794	0.0281
JAYIPI010000002.1	0.4880	0.4805	0.0315
JAYIPI010000003.1	0.4613	0.5178	0.0209
JAYIPI010000004.1	0.4802	0.4902	0.0297
JAYIPI010000005.1	0.4067	0.5622	0.0312
JAYIPI010000006.1	0.4058	0.5675	0.0267
JAYIPI010000007.1	0.4072	0.5522	0.0405
JAYIPI010000008.1	0.4422	0.5320	0.0258
JAYIPI010000009.1	0.4429	0.5251	0.0320
JAYIPI010000010.1	0.4351	0.5282	0.0367
JAYIPI010000011.1	0.3731	0.5934	0.0335
JAYIPI010000012.1	0.4130	0.5769	0.0101
JAYIPI010000013.1	0.3796	0.5801	0.0403
JAYIPI010000014.1	0.4503	0.5103	0.0393
JAYIPI010000015.1	0.5238	0.4455	0.0307
JAYIPI010000016.1	0.3458	0.6193	0.0348
JAYIPI010000017.1	0.4145	0.5619	0.0236
JAYIPI010000018.1	0.4631	0.5299	0.0069
JAYIPI010000019.1	0.4533	0.5248	0.0219
JAYIPI010000020.1	0.5054	0.4621	0.0325
JAYIPI010000021.1	0.3401	0.6082	0.0517
JAYIPI010000022.1	0.5408	0.4244	0.0348
JAYIPI010000023.1	0.4168	0.5459	0.0373
JAYIPI010000024.1	0.5353	0.4322	0.0325
JAYIPI010000025.1	0.4631	0.4346	0.1023
JAYIPI010000026.1	0.2360	0.6411	0.1229
JAYIPI010000027.1	0.2168	0.5881	0.1951
JAYIPI010000028.1	0.5025	0.4398	0.0577
JAYIPI010000029.1	0.4264	0.5691	0.0045
JAYIPI010000030.1	0.4554	0.5145	0.0302
JAYIPI010000031.1	0.3981	0.5439	0.0581
JAYIPI010000032.1	0.3202	0.6640	0.0158
JAYIPI010000033.1	0.5113	0.4587	0.0300
JAYIPI010000034.1	0.2404	0.6434	0.1162
JAYIPI010000035.1	0.4625	0.5162	0.0214
JAYIPI010000036.1	0.2988	0.6173	0.0839
JAYIPI010000037.1	0.0078	0.7626	0.2296
JAYIPI010000038.1	0.5328	0.4170	0.0502
JAYIPI010000039.1	0.3781	0.5865	0.0354
JAYIPI010000040.1	0.4089	0.4721	0.1190
JAYIPI010000041.1	0.4412	0.5542	0.0046
JAYIPI010000042.1	0.3504	0.5758	0.0738
JAYIPI010000043.1	0.3815	0.5816	0.0369
JAYIPI010000044.1	0.5609	0.4299	0.0092
JAYIPI010000045.1	0.1623	0.6186	0.2191
JAYIPI010000046.1	0.2227	0.4882	0.2891
JAYIPI010000047.1	0.4797	0.4892	0.0311
JAYIPI010000048.1	0.0946	0.8380	0.0675
JAYIPI010000049.1	0.4913	0.3759	0.1329
JAYIPI010000050.1	0.1753	0.7903	0.0343
JAYIPI010000051.1	0.3833	0.6127	0.0040
JAYIPI010000052.1	0.1300	0.7585	0.1115
JAYIPI010000053.1	0.0072	0.8392	0.1536
JAYIPI010000054.1	0.1992	0.7199	0.0809
JAYIPI010000055.1	0.0373	0.7493	0.2135
JAYIPI010000056.1	0.0634	0.6976	0.2390
JAYIPI010000057.1	0.8761	0.0765	0.0474
JAYIPI010000058.1	0.0658	0.8824	0.0517
JAYIPI010000059.1	0.6377	0.3558	0.0066
JAYIPI010000060.1	0.1591	0.7576	0.0834
JAYIPI010000061.1	0.3170	0.6626	0.0204
JAYIPI010000062.1	0.1591	0.7686	0.0723
JAYIPI010000063.1	0.2474	0.5579	0.1947
JAYIPI010000064.1	0.3654	0.5803	0.0543
JAYIPI010000065.1	0.7487	0.2133	0.0380
JAYIPI010000066.1	0.3494	0.3977	0.2529
JAYIPI010000067.1	0.1498	0.4616	0.3886
JAYIPI010000068.1	0.6789	0.3019	0.0191
JAYIPI010000069.1	0.5103	0.3708	0.1189
JAYIPI010000070.1	0.0782	0.8717	0.0501
JAYIPI010000071.1	0.1135	0.3066	0.5798
JAYIPI010000072.1	0.2408	0.4543	0.3048
JAYIPI010000073.1	0.0575	0.0697	0.8729
JAYIPI010000074.1	0.1926	0.5404	0.2669
JAYIPI010000075.1	0.6647	0.3241	0.0112
JAYIPI010000076.1	0.2993	0.4553	0.2455
JAYIPI010000077.1	0.4025	0.4080	0.1895
JAYIPI010000078.1	0.5845	0.3038	0.1117
JAYIPI010000079.1	0.4625	0.3779	0.1596
JAYIPI010000080.1	0.5230	0.1850	0.2921
JAYIPI010000081.1	0.2646	0.4088	0.3266
JAYIPI010000082.1	0.3093	0.2076	0.4831
JAYIPI010000083.1	0.3065	0.2757	0.4178
JAYIPI010000084.1	0.1504	0.1732	0.6764
JAYIPI010000085.1	0.3233	0.3983	0.2785
JAYIPI010000086.1	0.6054	0.1748	0.2198
JAYIPI010000087.1	0.2167	0.4771	0.3062
JAYIPI010000088.1	0.5176	0.1496	0.3328
JAYIPI010000089.1	0.5518	0.2354	0.2128
JAYIPI010000090.1	0.1746	0.4893	0.3361
JAYIPI010000091.1	0.1067	0.0855	0.8078
JAYIPI010000092.1	0.0938	0.0692	0.8370
JAYIPI010000093.1	0.2607	0.1680	0.5713
JAYIPI010000094.1	0.2821	0.2939	0.4240
JAYIPI010000095.1	0.6073	0.1714	0.2213
JAYIPI010000096.1	0.2950	0.0914	0.6135
JAYIPI010000097.1	0.2181	0.2932	0.4887
JAYIPI010000098.1	0.3439	0.2022	0.4539
JAYIPI010000099.1	0.3105	0.1596	0.5299
JAYIPI010000100.1	0.2039	0.0846	0.7115
JAYIPI010000101.1	0.2664	0.0629	0.6708
JAYIPI010000102.1	0.2601	0.0905	0.6494
JAYIPI010000103.1	0.2887	0.1716	0.5397
JAYIPI010000104.1	0.2834	0.2836	0.4330
JAYIPI010000105.1	0.2087	0.1340	0.6573
JAYIPI010000106.1	0.3707	0.0453	0.5841
JAYIPI010000107.1	0.2425	0.1055	0.6520
JAYIPI010000108.1	0.7048	0.0904	0.2047
JAYIPI010000109.1	0.3578	0.1234	0.5188
JAYIPI010000110.1	0.5118	0.1589	0.3293
JAYIPI010000111.1	0.2068	0.0609	0.7323
JAYIPI010000112.1	0.3301	0.0991	0.5708
JAYIPI010000113.1	0.3203	0.0830	0.5967
