seq_name	chromosome_score	plasmid_score	virus_score
JAYIWB010000001.1	0.9512	0.0452	0.0036
JAYIWB010000002.1	0.9509	0.0458	0.0034
JAYIWB010000003.1	0.9663	0.0310	0.0027
JAYIWB010000004.1	0.9647	0.0327	0.0027
JAYIWB010000005.1	0.9504	0.0459	0.0037
JAYIWB010000006.1	0.9604	0.0365	0.0031
JAYIWB010000007.1	0.9759	0.0219	0.0022
JAYIWB010000008.1	0.9522	0.0444	0.0034
JAYIWB010000009.1	0.9309	0.0642	0.0049
JAYIWB010000010.1	0.9591	0.0375	0.0035
JAYIWB010000011.1	0.9609	0.0362	0.0028
JAYIWB010000012.1	0.9266	0.0690	0.0044
JAYIWB010000013.1	0.9606	0.0360	0.0035
JAYIWB010000014.1	0.9776	0.0204	0.0020
JAYIWB010000015.1	0.9775	0.0206	0.0019
JAYIWB010000016.1	0.9581	0.0390	0.0029
JAYIWB010000017.1	0.8851	0.1088	0.0061
JAYIWB010000018.1	0.9676	0.0297	0.0027
JAYIWB010000019.1	0.8495	0.1413	0.0092
JAYIWB010000020.1	0.9767	0.0214	0.0019
JAYIWB010000021.1	0.9772	0.0204	0.0024
JAYIWB010000022.1	0.0000	1.0000	0.0000
JAYIWB010000023.1	0.9320	0.0632	0.0047
JAYIWB010000024.1	0.9628	0.0341	0.0031
JAYIWB010000025.1	0.9906	0.0085	0.0009
JAYIWB010000026.1	0.9637	0.0320	0.0043
JAYIWB010000027.1	0.9965	0.0030	0.0005
JAYIWB010000028.1	0.9682	0.0296	0.0022
JAYIWB010000029.1	0.9524	0.0441	0.0035
JAYIWB010000030.1	0.8820	0.1115	0.0065
JAYIWB010000031.1	0.9660	0.0316	0.0024
JAYIWB010000032.1	0.9244	0.0709	0.0047
JAYIWB010000033.1	0.9548	0.0417	0.0035
JAYIWB010000034.1	0.9393	0.0512	0.0095
JAYIWB010000035.1	0.8844	0.1096	0.0060
JAYIWB010000036.1	0.7619	0.2289	0.0093
JAYIWB010000037.1	0.8901	0.1026	0.0073
JAYIWB010000038.1	0.9428	0.0533	0.0039
JAYIWB010000039.1	0.7244	0.2679	0.0077
JAYIWB010000040.1	0.9899	0.0092	0.0010
JAYIWB010000041.1	0.9692	0.0281	0.0027
JAYIWB010000042.1	0.0001	0.9998	0.0001
JAYIWB010000043.1	0.4500	0.5420	0.0080
JAYIWB010000044.1	0.9755	0.0218	0.0027
JAYIWB010000045.1	0.0284	0.9704	0.0012
JAYIWB010000046.1	0.9288	0.0662	0.0050
JAYIWB010000047.1	0.8804	0.1106	0.0090
JAYIWB010000048.1	0.9537	0.0433	0.0030
JAYIWB010000049.1	0.9881	0.0107	0.0013
JAYIWB010000050.1	0.9038	0.0898	0.0064
JAYIWB010000051.1	0.9639	0.0337	0.0025
JAYIWB010000052.1	0.8805	0.1130	0.0064
JAYIWB010000053.1	0.9903	0.0086	0.0011
JAYIWB010000054.1	0.5651	0.4290	0.0059
JAYIWB010000055.1	0.9832	0.0136	0.0032
JAYIWB010000056.1	0.2646	0.7267	0.0087
JAYIWB010000057.1	0.7894	0.2004	0.0102
JAYIWB010000058.1	0.1457	0.0258	0.8285
JAYIWB010000059.1	0.0000	1.0000	0.0000
JAYIWB010000060.1	0.7244	0.2667	0.0089
JAYIWB010000061.1	0.6139	0.3526	0.0335
JAYIWB010000062.1	0.9975	0.0017	0.0007
JAYIWB010000063.1	0.8865	0.1073	0.0062
JAYIWB010000064.1	0.0612	0.9354	0.0034
JAYIWB010000065.1	0.0024	0.9962	0.0014
JAYIWB010000066.1	0.8711	0.1231	0.0058
JAYIWB010000067.1	0.9191	0.0744	0.0065
JAYIWB010000068.1	0.9752	0.0225	0.0023
JAYIWB010000069.1	0.0001	0.9998	0.0000
JAYIWB010000070.1	0.0008	0.9973	0.0018
JAYIWB010000071.1	0.9597	0.0372	0.0031
JAYIWB010000072.1	0.0001	0.9996	0.0003
JAYIWB010000073.1	0.7044	0.2874	0.0082
JAYIWB010000074.1	0.0001	0.9997	0.0002
JAYIWB010000075.1	0.0989	0.8846	0.0165
JAYIWB010000076.1	0.0104	0.9825	0.0071
JAYIWB010000077.1	0.0000	1.0000	0.0000
JAYIWB010000078.1	0.0013	0.0341	0.9646
JAYIWB010000079.1	0.0434	0.9478	0.0088
JAYIWB010000080.1	0.9753	0.0212	0.0035
JAYIWB010000081.1	0.0001	0.0003	0.9997
JAYIWB010000082.1	0.0000	1.0000	0.0000
JAYIWB010000083.1	0.4908	0.4928	0.0164
JAYIWB010000084.1	0.0147	0.9692	0.0161
JAYIWB010000085.1	0.5146	0.3972	0.0882
JAYIWB010000086.1	0.6548	0.3411	0.0041
JAYIWB010000087.1	0.1728	0.7748	0.0523
JAYIWB010000088.1	0.0522	0.3668	0.5809
JAYIWB010000089.1	0.7176	0.2813	0.0011
JAYIWB010000090.1	0.9879	0.0102	0.0019
JAYIWB010000091.1	0.8647	0.1199	0.0154
JAYIWB010000092.1	0.0030	0.0008	0.9962
JAYIWB010000093.1	0.7165	0.2377	0.0458
JAYIWB010000094.1	0.1051	0.8458	0.0491
JAYIWB010000095.1	0.1106	0.8521	0.0373
JAYIWB010000096.1	0.6546	0.2985	0.0468
JAYIWB010000097.1	0.0002	0.9997	0.0001
JAYIWB010000098.1	0.9882	0.0069	0.0049
JAYIWB010000099.1	0.0130	0.0011	0.9859
JAYIWB010000100.1	0.2600	0.1991	0.5410
JAYIWB010000101.1	0.4529	0.5199	0.0272
JAYIWB010000102.1	0.0000	1.0000	0.0000
JAYIWB010000103.1	0.7755	0.2177	0.0067
JAYIWB010000104.1	0.8652	0.1037	0.0311
JAYIWB010000105.1	0.5631	0.3788	0.0581
JAYIWB010000106.1	0.4729	0.2911	0.2360
JAYIWB010000107.1	0.0336	0.0641	0.9024
JAYIWB010000108.1	0.5138	0.1930	0.2931
JAYIWB010000109.1	0.9940	0.0048	0.0013
JAYIWB010000110.1	0.2744	0.2590	0.4666
JAYIWB010000111.1	0.4622	0.4268	0.1110
JAYIWB010000112.1	0.0219	0.0056	0.9725
JAYIWB010000113.1	0.0110	0.0039	0.9851
JAYIWB010000114.1	0.3756	0.0447	0.5797
JAYIWB010000115.1	0.5421	0.1622	0.2958
JAYIWB010000116.1	0.8289	0.1264	0.0447
JAYIWB010000117.1	0.3523	0.2589	0.3888
JAYIWB010000118.1	0.0005	0.0013	0.9981
JAYIWB010000119.1	0.0783	0.0066	0.9152
JAYIWB010000120.1	0.0215	0.0250	0.9536
JAYIWB010000121.1	0.0593	0.1475	0.7933
JAYIWB010000122.1	0.5484	0.0706	0.3810
JAYIWB010000123.1	0.9895	0.0069	0.0035
JAYIWB010000124.1	0.7691	0.1236	0.1073
JAYIWB010000125.1	0.8947	0.0625	0.0427
JAYIWB010000126.1	0.3658	0.1706	0.4636
