seq_name	chromosome_score	plasmid_score	virus_score
JAYIOY010000001.1	0.4857	0.4797	0.0346
JAYIOY010000002.1	0.4975	0.4743	0.0282
JAYIOY010000003.1	0.4814	0.4926	0.0260
JAYIOY010000004.1	0.4212	0.5471	0.0317
JAYIOY010000005.1	0.4337	0.5434	0.0229
JAYIOY010000006.1	0.4010	0.5636	0.0354
JAYIOY010000007.1	0.4827	0.4910	0.0264
JAYIOY010000008.1	0.4217	0.5404	0.0379
JAYIOY010000009.1	0.5436	0.4446	0.0118
JAYIOY010000010.1	0.4635	0.5099	0.0265
JAYIOY010000011.1	0.4158	0.5509	0.0332
JAYIOY010000012.1	0.4368	0.5403	0.0229
JAYIOY010000013.1	0.3544	0.5567	0.0889
JAYIOY010000014.1	0.3818	0.5679	0.0503
JAYIOY010000015.1	0.5023	0.4773	0.0204
JAYIOY010000016.1	0.5930	0.3910	0.0160
JAYIOY010000017.1	0.5169	0.4720	0.0111
JAYIOY010000018.1	0.5887	0.3938	0.0175
JAYIOY010000019.1	0.4939	0.4972	0.0089
JAYIOY010000020.1	0.4369	0.4762	0.0869
JAYIOY010000021.1	0.4135	0.5575	0.0290
JAYIOY010000022.1	0.4232	0.5477	0.0291
JAYIOY010000023.1	0.3917	0.5874	0.0209
JAYIOY010000024.1	0.4513	0.5031	0.0457
JAYIOY010000025.1	0.4526	0.5306	0.0167
JAYIOY010000026.1	0.4303	0.5505	0.0192
JAYIOY010000027.1	0.4069	0.5837	0.0094
JAYIOY010000028.1	0.5240	0.4523	0.0236
JAYIOY010000029.1	0.3297	0.6466	0.0236
JAYIOY010000030.1	0.3610	0.6198	0.0192
JAYIOY010000031.1	0.5226	0.4729	0.0046
JAYIOY010000032.1	0.3710	0.6065	0.0225
JAYIOY010000033.1	0.3950	0.4891	0.1159
JAYIOY010000034.1	0.4408	0.5512	0.0081
JAYIOY010000035.1	0.4923	0.4960	0.0116
JAYIOY010000036.1	0.5205	0.4678	0.0117
JAYIOY010000037.1	0.4132	0.5407	0.0461
JAYIOY010000038.1	0.2777	0.6740	0.0483
JAYIOY010000039.1	0.3902	0.5429	0.0669
JAYIOY010000040.1	0.4537	0.4939	0.0525
JAYIOY010000041.1	0.2690	0.6852	0.0459
JAYIOY010000042.1	0.4943	0.4752	0.0306
JAYIOY010000043.1	0.5300	0.2926	0.1774
JAYIOY010000044.1	0.4630	0.5111	0.0259
JAYIOY010000045.1	0.5007	0.4921	0.0072
JAYIOY010000046.1	0.5364	0.4599	0.0038
JAYIOY010000047.1	0.3202	0.6532	0.0266
JAYIOY010000048.1	0.0603	0.7020	0.2377
JAYIOY010000049.1	0.1970	0.7616	0.0414
JAYIOY010000050.1	0.4022	0.5514	0.0464
JAYIOY010000051.1	0.4792	0.5119	0.0090
JAYIOY010000052.1	0.2502	0.5045	0.2453
JAYIOY010000053.1	0.3216	0.6351	0.0433
JAYIOY010000054.1	0.6777	0.0768	0.2455
JAYIOY010000055.1	0.1902	0.7824	0.0274
JAYIOY010000056.1	0.3143	0.6599	0.0258
JAYIOY010000057.1	0.4931	0.4961	0.0108
JAYIOY010000058.1	0.3719	0.6236	0.0045
JAYIOY010000059.1	0.3053	0.5273	0.1674
JAYIOY010000060.1	0.2451	0.6244	0.1305
JAYIOY010000061.1	0.0250	0.9303	0.0447
JAYIOY010000062.1	0.3282	0.5483	0.1235
JAYIOY010000063.1	0.2426	0.7511	0.0063
JAYIOY010000064.1	0.7865	0.1211	0.0923
JAYIOY010000065.1	0.7297	0.2350	0.0353
JAYIOY010000066.1	0.8557	0.1419	0.0024
JAYIOY010000067.1	0.5170	0.4278	0.0552
JAYIOY010000068.1	0.3519	0.6279	0.0202
JAYIOY010000069.1	0.1824	0.7537	0.0639
JAYIOY010000070.1	0.6824	0.2829	0.0347
JAYIOY010000071.1	0.0941	0.6105	0.2954
JAYIOY010000072.1	0.3328	0.6264	0.0408
JAYIOY010000073.1	0.3537	0.3609	0.2855
JAYIOY010000074.1	0.4443	0.3954	0.1603
JAYIOY010000075.1	0.3545	0.3745	0.2710
JAYIOY010000076.1	0.4118	0.4309	0.1573
JAYIOY010000077.1	0.1585	0.4721	0.3694
JAYIOY010000078.1	0.3918	0.4888	0.1194
JAYIOY010000079.1	0.1821	0.5118	0.3061
JAYIOY010000080.1	0.4416	0.3641	0.1943
JAYIOY010000081.1	0.5050	0.4240	0.0710
JAYIOY010000082.1	0.5186	0.2695	0.2119
JAYIOY010000083.1	0.2222	0.1353	0.6424
JAYIOY010000084.1	0.2755	0.4512	0.2733
JAYIOY010000085.1	0.5970	0.1373	0.2657
JAYIOY010000086.1	0.5993	0.3173	0.0834
JAYIOY010000087.1	0.4295	0.1849	0.3856
JAYIOY010000088.1	0.1865	0.4656	0.3479
JAYIOY010000089.1	0.2277	0.1194	0.6529
JAYIOY010000090.1	0.5891	0.2118	0.1991
JAYIOY010000091.1	0.3041	0.1126	0.5833
JAYIOY010000092.1	0.5326	0.2479	0.2196
JAYIOY010000093.1	0.4609	0.2385	0.3006
JAYIOY010000094.1	0.4233	0.0942	0.4825
JAYIOY010000095.1	0.2420	0.2139	0.5440
JAYIOY010000096.1	0.4476	0.1347	0.4178
JAYIOY010000097.1	0.2635	0.2303	0.5061
JAYIOY010000098.1	0.2828	0.2303	0.4869
JAYIOY010000099.1	0.1493	0.1673	0.6834
JAYIOY010000100.1	0.2772	0.2364	0.4864
JAYIOY010000101.1	0.4804	0.0755	0.4442
JAYIOY010000102.1	0.2312	0.1026	0.6662
JAYIOY010000103.1	0.1640	0.1335	0.7025
JAYIOY010000104.1	0.3834	0.1682	0.4485
JAYIOY010000105.1	0.4215	0.1211	0.4574
JAYIOY010000106.1	0.4449	0.1181	0.4369
JAYIOY010000107.1	0.3886	0.2440	0.3674
JAYIOY010000108.1	0.5308	0.0951	0.3741
JAYIOY010000109.1	0.4512	0.0953	0.4535
JAYIOY010000110.1	0.3894	0.1209	0.4896
JAYIOY010000111.1	0.5040	0.1164	0.3796
JAYIOY010000112.1	0.1867	0.1967	0.6166
JAYIOY010000113.1	0.4817	0.1336	0.3847
JAYIOY010000114.1	0.2824	0.1858	0.5318
JAYIOY010000115.1	0.2550	0.1853	0.5597
JAYIOY010000116.1	0.1793	0.1083	0.7125
