seq_name	chromosome_score	plasmid_score	virus_score
JAUINC010000001.1	0.5116	0.4653	0.0231
JAUINC010000002.1	0.5063	0.4800	0.0137
JAUINC010000003.1	0.4922	0.4910	0.0168
JAUINC010000004.1	0.4224	0.5434	0.0343
JAUINC010000005.1	0.4984	0.4450	0.0567
JAUINC010000006.1	0.4550	0.5083	0.0367
JAUINC010000007.1	0.3478	0.5848	0.0674
JAUINC010000008.1	0.4340	0.5366	0.0294
JAUINC010000009.1	0.5069	0.4465	0.0466
JAUINC010000010.1	0.3782	0.5888	0.0330
JAUINC010000011.1	0.4312	0.5269	0.0419
JAUINC010000012.1	0.4199	0.5625	0.0176
JAUINC010000013.1	0.4085	0.5216	0.0700
JAUINC010000014.1	0.4984	0.4327	0.0689
JAUINC010000015.1	0.4666	0.5138	0.0196
JAUINC010000016.1	0.4181	0.5513	0.0306
JAUINC010000017.1	0.4351	0.5501	0.0148
JAUINC010000018.1	0.3664	0.6221	0.0116
JAUINC010000019.1	0.4250	0.5422	0.0329
JAUINC010000020.1	0.4239	0.5708	0.0053
JAUINC010000021.1	0.5015	0.4839	0.0146
JAUINC010000022.1	0.4551	0.5270	0.0179
JAUINC010000023.1	0.5062	0.4667	0.0271
JAUINC010000024.1	0.4470	0.5189	0.0341
JAUINC010000025.1	0.3456	0.5881	0.0664
JAUINC010000026.1	0.5386	0.3979	0.0635
JAUINC010000027.1	0.5365	0.4471	0.0165
JAUINC010000028.1	0.5330	0.4460	0.0210
JAUINC010000029.1	0.3433	0.6295	0.0272
JAUINC010000030.1	0.4265	0.5395	0.0340
JAUINC010000031.1	0.5693	0.4146	0.0161
JAUINC010000032.1	0.4658	0.5159	0.0183
JAUINC010000033.1	0.4311	0.5598	0.0091
JAUINC010000034.1	0.4537	0.4872	0.0591
JAUINC010000035.1	0.4349	0.5116	0.0535
JAUINC010000036.1	0.4016	0.5788	0.0196
JAUINC010000037.1	0.4079	0.5164	0.0757
JAUINC010000038.1	0.4811	0.5007	0.0183
JAUINC010000039.1	0.4171	0.5720	0.0110
JAUINC010000040.1	0.5065	0.4433	0.0502
JAUINC010000041.1	0.3485	0.5471	0.1044
JAUINC010000042.1	0.4900	0.4646	0.0454
JAUINC010000043.1	0.5095	0.4664	0.0242
JAUINC010000044.1	0.2305	0.6680	0.1015
JAUINC010000045.1	0.3966	0.5797	0.0237
JAUINC010000046.1	0.4955	0.4947	0.0098
JAUINC010000047.1	0.4233	0.5691	0.0077
JAUINC010000048.1	0.5358	0.4154	0.0488
JAUINC010000049.1	0.4051	0.5709	0.0240
JAUINC010000050.1	0.5731	0.4164	0.0105
JAUINC010000051.1	0.4582	0.5018	0.0399
JAUINC010000052.1	0.4418	0.5537	0.0045
JAUINC010000053.1	0.4417	0.5487	0.0096
JAUINC010000054.1	0.5963	0.3857	0.0180
JAUINC010000055.1	0.3587	0.5803	0.0610
JAUINC010000056.1	0.4608	0.5349	0.0043
JAUINC010000057.1	0.3960	0.4975	0.1065
JAUINC010000058.1	0.3823	0.6108	0.0069
JAUINC010000059.1	0.3147	0.5568	0.1285
JAUINC010000060.1	0.3685	0.5814	0.0501
JAUINC010000061.1	0.3139	0.6673	0.0187
JAUINC010000062.1	0.4737	0.5216	0.0046
JAUINC010000063.1	0.5678	0.4248	0.0074
JAUINC010000064.1	0.5829	0.3859	0.0312
JAUINC010000065.1	0.6607	0.0785	0.2607
JAUINC010000066.1	0.0758	0.8591	0.0651
JAUINC010000067.1	0.2857	0.6722	0.0421
JAUINC010000068.1	0.3379	0.6566	0.0055
JAUINC010000069.1	0.3485	0.6459	0.0056
JAUINC010000070.1	0.3602	0.6308	0.0091
JAUINC010000071.1	0.1867	0.6606	0.1527
JAUINC010000072.1	0.1992	0.7199	0.0809
JAUINC010000073.1	0.4080	0.5763	0.0156
JAUINC010000074.1	0.1539	0.8190	0.0271
JAUINC010000075.1	0.2494	0.7314	0.0192
JAUINC010000076.1	0.3696	0.5701	0.0603
JAUINC010000077.1	0.4317	0.3798	0.1884
JAUINC010000078.1	0.1676	0.7975	0.0349
JAUINC010000079.1	0.2545	0.6997	0.0457
JAUINC010000080.1	0.8175	0.1726	0.0099
JAUINC010000081.1	0.3737	0.5174	0.1089
JAUINC010000082.1	0.8441	0.1542	0.0017
JAUINC010000083.1	0.3876	0.5863	0.0261
JAUINC010000084.1	0.6021	0.2924	0.1055
JAUINC010000085.1	0.2379	0.5909	0.1712
JAUINC010000086.1	0.6549	0.1750	0.1702
JAUINC010000087.1	0.6795	0.1982	0.1223
JAUINC010000088.1	0.2139	0.4518	0.3343
JAUINC010000089.1	0.4269	0.4998	0.0733
JAUINC010000090.1	0.3628	0.2554	0.3818
JAUINC010000091.1	0.3677	0.4694	0.1629
JAUINC010000092.1	0.3536	0.3152	0.3312
JAUINC010000093.1	0.2727	0.5892	0.1381
JAUINC010000094.1	0.1960	0.0523	0.7517
JAUINC010000095.1	0.4145	0.1634	0.4221
JAUINC010000096.1	0.2616	0.5623	0.1761
JAUINC010000097.1	0.2303	0.5128	0.2569
JAUINC010000098.1	0.3397	0.4553	0.2049
JAUINC010000099.1	0.5836	0.3142	0.1023
JAUINC010000100.1	0.5045	0.4008	0.0947
JAUINC010000101.1	0.4940	0.3843	0.1217
JAUINC010000102.1	0.7526	0.1832	0.0642
JAUINC010000103.1	0.4625	0.3779	0.1596
JAUINC010000104.1	0.1233	0.7420	0.1347
JAUINC010000105.1	0.2773	0.4534	0.2693
JAUINC010000106.1	0.0726	0.7134	0.2140
JAUINC010000107.1	0.1680	0.1884	0.6436
JAUINC010000108.1	0.6054	0.1748	0.2198
JAUINC010000109.1	0.3193	0.0832	0.5975
JAUINC010000110.1	0.3099	0.3824	0.3077
JAUINC010000111.1	0.5518	0.2354	0.2128
JAUINC010000112.1	0.3818	0.2786	0.3396
JAUINC010000113.1	0.3988	0.3877	0.2135
JAUINC010000114.1	0.1646	0.3332	0.5022
