seq_name	chromosome_score	plasmid_score	virus_score
JAYIVC010000001.1	0.4766	0.5002	0.0232
JAYIVC010000002.1	0.4400	0.5288	0.0312
JAYIVC010000003.1	0.4488	0.5281	0.0231
JAYIVC010000004.1	0.4256	0.5349	0.0394
JAYIVC010000005.1	0.4172	0.5475	0.0352
JAYIVC010000006.1	0.4706	0.4952	0.0342
JAYIVC010000007.1	0.4818	0.4854	0.0328
JAYIVC010000008.1	0.4614	0.5182	0.0204
JAYIVC010000009.1	0.3952	0.5712	0.0336
JAYIVC010000010.1	0.4686	0.5132	0.0182
JAYIVC010000011.1	0.5150	0.4757	0.0092
JAYIVC010000012.1	0.5256	0.4535	0.0209
JAYIVC010000013.1	0.3945	0.5625	0.0430
JAYIVC010000014.1	0.4329	0.5573	0.0098
JAYIVC010000015.1	0.4695	0.5119	0.0186
JAYIVC010000016.1	0.4394	0.5418	0.0187
JAYIVC010000017.1	0.5019	0.4837	0.0145
JAYIVC010000018.1	0.4666	0.5090	0.0244
JAYIVC010000019.1	0.4447	0.5407	0.0146
JAYIVC010000020.1	0.5237	0.4686	0.0076
JAYIVC010000021.1	0.3806	0.5782	0.0412
JAYIVC010000022.1	0.5409	0.3665	0.0925
JAYIVC010000023.1	0.4149	0.5332	0.0520
JAYIVC010000024.1	0.3588	0.6167	0.0245
JAYIVC010000025.1	0.4551	0.4695	0.0754
JAYIVC010000026.1	0.3846	0.6082	0.0072
JAYIVC010000027.1	0.4342	0.5466	0.0192
JAYIVC010000028.1	0.5767	0.4149	0.0084
JAYIVC010000029.1	0.3954	0.5907	0.0139
JAYIVC010000030.1	0.4135	0.5792	0.0073
JAYIVC010000031.1	0.5196	0.4665	0.0139
JAYIVC010000032.1	0.5828	0.3778	0.0394
JAYIVC010000033.1	0.4990	0.4911	0.0099
JAYIVC010000034.1	0.5202	0.4655	0.0143
JAYIVC010000035.1	0.4936	0.4805	0.0260
JAYIVC010000036.1	0.3938	0.5635	0.0427
JAYIVC010000037.1	0.4594	0.5219	0.0187
JAYIVC010000038.1	0.3767	0.5751	0.0481
JAYIVC010000039.1	0.5301	0.4066	0.0633
JAYIVC010000040.1	0.4103	0.5456	0.0441
JAYIVC010000041.1	0.3926	0.5928	0.0146
JAYIVC010000042.1	0.3992	0.5692	0.0317
JAYIVC010000043.1	0.3624	0.5873	0.0504
JAYIVC010000044.1	0.2754	0.7156	0.0090
JAYIVC010000045.1	0.3985	0.5879	0.0136
JAYIVC010000046.1	0.3878	0.6093	0.0029
JAYIVC010000047.1	0.4462	0.4525	0.1013
JAYIVC010000048.1	0.4203	0.5733	0.0064
JAYIVC010000049.1	0.4219	0.5005	0.0776
JAYIVC010000050.1	0.5260	0.4471	0.0270
JAYIVC010000051.1	0.4058	0.5760	0.0182
JAYIVC010000052.1	0.5513	0.4371	0.0116
JAYIVC010000053.1	0.5100	0.4741	0.0159
JAYIVC010000054.1	0.5042	0.4702	0.0256
JAYIVC010000055.1	0.5183	0.4722	0.0095
JAYIVC010000056.1	0.4486	0.5244	0.0271
JAYIVC010000057.1	0.5314	0.3620	0.1066
JAYIVC010000058.1	0.3550	0.6409	0.0040
JAYIVC010000059.1	0.5216	0.4728	0.0056
JAYIVC010000060.1	0.2519	0.6079	0.1402
JAYIVC010000061.1	0.3899	0.5688	0.0413
JAYIVC010000062.1	0.6821	0.0790	0.2389
JAYIVC010000063.1	0.3988	0.5116	0.0896
JAYIVC010000064.1	0.5983	0.3825	0.0193
JAYIVC010000065.1	0.1843	0.5614	0.2544
JAYIVC010000066.1	0.0659	0.8987	0.0354
JAYIVC010000067.1	0.0840	0.8611	0.0550
JAYIVC010000068.1	0.2059	0.7498	0.0443
JAYIVC010000069.1	0.6087	0.3865	0.0048
JAYIVC010000070.1	0.2819	0.6826	0.0355
JAYIVC010000071.1	0.4739	0.5022	0.0240
JAYIVC010000072.1	0.2450	0.6044	0.1507
JAYIVC010000073.1	0.3484	0.5402	0.1114
JAYIVC010000074.1	0.4846	0.5008	0.0146
JAYIVC010000075.1	0.1741	0.8154	0.0105
JAYIVC010000076.1	0.6462	0.3459	0.0080
JAYIVC010000077.1	0.8951	0.0595	0.0454
JAYIVC010000078.1	0.1420	0.7093	0.1487
JAYIVC010000079.1	0.0897	0.6090	0.3013
JAYIVC010000080.1	0.1779	0.7759	0.0462
JAYIVC010000081.1	0.7709	0.2253	0.0038
JAYIVC010000082.1	0.1722	0.5072	0.3206
JAYIVC010000083.1	0.1340	0.8457	0.0203
JAYIVC010000084.1	0.2296	0.5178	0.2526
JAYIVC010000085.1	0.6807	0.2272	0.0922
JAYIVC010000086.1	0.5388	0.1440	0.3172
JAYIVC010000087.1	0.4798	0.4065	0.1137
JAYIVC010000088.1	0.2789	0.6549	0.0662
JAYIVC010000089.1	0.6486	0.3320	0.0194
JAYIVC010000090.1	0.0959	0.1278	0.7762
JAYIVC010000091.1	0.2437	0.5623	0.1940
JAYIVC010000092.1	0.2842	0.3745	0.3413
JAYIVC010000093.1	0.4952	0.3775	0.1273
JAYIVC010000094.1	0.6831	0.3040	0.0129
JAYIVC010000095.1	0.6775	0.2665	0.0559
JAYIVC010000096.1	0.2382	0.5208	0.2410
JAYIVC010000097.1	0.4566	0.4882	0.0552
JAYIVC010000098.1	0.4064	0.4293	0.1643
JAYIVC010000099.1	0.1066	0.5867	0.3066
JAYIVC010000100.1	0.2330	0.2840	0.4830
JAYIVC010000101.1	0.2611	0.4470	0.2920
JAYIVC010000102.1	0.0751	0.1695	0.7554
JAYIVC010000103.1	0.5962	0.3161	0.0877
JAYIVC010000104.1	0.5895	0.3194	0.0911
JAYIVC010000105.1	0.1982	0.3165	0.4853
JAYIVC010000106.1	0.5533	0.2890	0.1577
JAYIVC010000107.1	0.4651	0.2901	0.2447
JAYIVC010000108.1	0.2721	0.3434	0.3845
JAYIVC010000109.1	0.2856	0.1028	0.6116
JAYIVC010000110.1	0.1880	0.1152	0.6967
JAYIVC010000111.1	0.6822	0.0982	0.2196
JAYIVC010000112.1	0.4415	0.3821	0.1764
JAYIVC010000113.1	0.2391	0.2234	0.5376
