seq_name	chromosome_score	plasmid_score	virus_score
JAYIOC010000001.1	0.9625	0.0348	0.0028
JAYIOC010000002.1	0.9491	0.0472	0.0037
JAYIOC010000003.1	0.9629	0.0343	0.0029
JAYIOC010000004.1	0.9630	0.0343	0.0027
JAYIOC010000005.1	0.9528	0.0438	0.0034
JAYIOC010000006.1	0.9630	0.0340	0.0030
JAYIOC010000007.1	0.9677	0.0295	0.0028
JAYIOC010000008.1	0.9849	0.0134	0.0017
JAYIOC010000009.1	0.9578	0.0391	0.0031
JAYIOC010000010.1	0.9304	0.0650	0.0046
JAYIOC010000011.1	0.9348	0.0605	0.0048
JAYIOC010000012.1	0.9791	0.0189	0.0020
JAYIOC010000013.1	0.9165	0.0781	0.0054
JAYIOC010000014.1	0.9392	0.0568	0.0040
JAYIOC010000015.1	0.9545	0.0422	0.0033
JAYIOC010000016.1	0.9808	0.0173	0.0020
JAYIOC010000017.1	0.9654	0.0319	0.0027
JAYIOC010000018.1	0.8903	0.1032	0.0064
JAYIOC010000019.1	0.8924	0.1023	0.0052
JAYIOC010000020.1	0.9689	0.0286	0.0026
JAYIOC010000021.1	0.8773	0.1162	0.0065
JAYIOC010000022.1	0.9600	0.0371	0.0029
JAYIOC010000023.1	0.9913	0.0074	0.0012
JAYIOC010000024.1	0.8312	0.1580	0.0108
JAYIOC010000025.1	0.9512	0.0445	0.0043
JAYIOC010000026.1	0.9932	0.0060	0.0007
JAYIOC010000027.1	0.4997	0.4920	0.0084
JAYIOC010000028.1	0.9293	0.0661	0.0046
JAYIOC010000029.1	0.9788	0.0195	0.0017
JAYIOC010000030.1	0.9252	0.0703	0.0046
JAYIOC010000031.1	0.9677	0.0298	0.0025
JAYIOC010000032.1	0.9660	0.0314	0.0026
JAYIOC010000033.1	0.9952	0.0043	0.0006
JAYIOC010000034.1	0.9531	0.0430	0.0039
JAYIOC010000035.1	0.9793	0.0189	0.0018
JAYIOC010000036.1	0.0006	0.9992	0.0002
JAYIOC010000037.1	0.8525	0.1399	0.0076
JAYIOC010000038.1	0.0004	0.9994	0.0001
JAYIOC010000039.1	0.7946	0.1966	0.0088
JAYIOC010000040.1	0.0172	0.9816	0.0012
JAYIOC010000041.1	0.0002	0.9997	0.0001
JAYIOC010000042.1	0.9172	0.0769	0.0059
JAYIOC010000043.1	0.9890	0.0094	0.0015
JAYIOC010000044.1	0.9248	0.0697	0.0056
JAYIOC010000045.1	0.6504	0.3303	0.0194
JAYIOC010000046.1	0.0072	0.9925	0.0003
JAYIOC010000047.1	0.0001	0.9998	0.0001
JAYIOC010000048.1	0.2837	0.7109	0.0054
JAYIOC010000049.1	0.0008	0.6544	0.3448
JAYIOC010000050.1	0.7959	0.1932	0.0110
JAYIOC010000051.1	0.9781	0.0209	0.0010
JAYIOC010000052.1	0.9838	0.0149	0.0013
JAYIOC010000053.1	0.8918	0.1032	0.0050
JAYIOC010000054.1	0.9014	0.0944	0.0042
JAYIOC010000055.1	0.2386	0.7278	0.0336
JAYIOC010000056.1	0.0006	0.9992	0.0002
JAYIOC010000057.1	0.0000	0.9999	0.0001
JAYIOC010000058.1	0.0000	0.9999	0.0001
JAYIOC010000059.1	0.0000	0.9999	0.0001
JAYIOC010000060.1	0.9261	0.0729	0.0010
JAYIOC010000061.1	0.0122	0.7352	0.2526
JAYIOC010000062.1	0.1956	0.7842	0.0201
JAYIOC010000063.1	0.9951	0.0043	0.0006
JAYIOC010000064.1	0.9927	0.0066	0.0007
JAYIOC010000065.1	0.0190	0.9754	0.0056
JAYIOC010000066.1	0.0172	0.9825	0.0003
JAYIOC010000067.1	0.6997	0.2902	0.0100
JAYIOC010000068.1	0.9809	0.0167	0.0024
JAYIOC010000069.1	0.6719	0.3173	0.0109
JAYIOC010000070.1	0.2877	0.6531	0.0592
JAYIOC010000071.1	0.0096	0.2648	0.7256
JAYIOC010000072.1	0.1451	0.8518	0.0030
JAYIOC010000073.1	0.1096	0.8280	0.0624
JAYIOC010000074.1	0.0001	0.9999	0.0000
JAYIOC010000075.1	0.9929	0.0051	0.0019
JAYIOC010000076.1	0.1864	0.6913	0.1223
JAYIOC010000077.1	0.3629	0.5045	0.1327
JAYIOC010000078.1	0.3510	0.1918	0.4572
JAYIOC010000079.1	0.1804	0.1643	0.6553
JAYIOC010000080.1	0.7081	0.0579	0.2339
JAYIOC010000081.1	0.3313	0.0534	0.6153
JAYIOC010000082.1	0.3570	0.4744	0.1686
JAYIOC010000083.1	0.1628	0.0920	0.7452
JAYIOC010000084.1	0.6095	0.0754	0.3150
JAYIOC010000085.1	0.9167	0.0705	0.0128
JAYIOC010000086.1	0.4549	0.1125	0.4326
JAYIOC010000087.1	0.5075	0.1287	0.3637
JAYIOC010000088.1	0.2558	0.1053	0.6389
JAYIOC010000089.1	0.4310	0.0430	0.5260
JAYIOC010000090.1	0.6440	0.0984	0.2576
JAYIOC010000091.1	0.7662	0.1353	0.0985
JAYIOC010000092.1	0.3524	0.0897	0.5578
JAYIOC010000093.1	0.5478	0.0478	0.4043
JAYIOC010000094.1	0.4244	0.0639	0.5116
JAYIOC010000095.1	0.4402	0.0546	0.5052
JAYIOC010000096.1	0.0004	0.9996	0.0000
JAYIOC010000097.1	0.2095	0.0414	0.7491
JAYIOC010000098.1	0.6583	0.0455	0.2962
JAYIOC010000099.1	0.6846	0.0545	0.2609
JAYIOC010000100.1	0.4932	0.0400	0.4668
JAYIOC010000101.1	0.4341	0.0403	0.5256
JAYIOC010000102.1	0.1512	0.0532	0.7957
JAYIOC010000103.1	0.8064	0.0364	0.1572
