seq_name	chromosome_score	plasmid_score	virus_score
JAYINS010000001.1	0.3987	0.5606	0.0406
JAYINS010000002.1	0.4781	0.4988	0.0232
JAYINS010000003.1	0.4817	0.4934	0.0250
JAYINS010000004.1	0.4535	0.5236	0.0229
JAYINS010000005.1	0.4584	0.5232	0.0184
JAYINS010000006.1	0.4225	0.5531	0.0244
JAYINS010000007.1	0.4856	0.4914	0.0230
JAYINS010000008.1	0.4867	0.5025	0.0108
JAYINS010000009.1	0.4342	0.5412	0.0246
JAYINS010000010.1	0.3661	0.5700	0.0639
JAYINS010000011.1	0.4229	0.5172	0.0599
JAYINS010000012.1	0.4713	0.5045	0.0242
JAYINS010000013.1	0.4256	0.5311	0.0434
JAYINS010000014.1	0.4414	0.5346	0.0241
JAYINS010000015.1	0.5464	0.4278	0.0258
JAYINS010000016.1	0.4098	0.5778	0.0124
JAYINS010000017.1	0.3713	0.5951	0.0337
JAYINS010000018.1	0.5140	0.4568	0.0292
JAYINS010000019.1	0.4612	0.5001	0.0388
JAYINS010000020.1	0.3786	0.6004	0.0210
JAYINS010000021.1	0.5213	0.4176	0.0611
JAYINS010000022.1	0.4954	0.4918	0.0128
JAYINS010000023.1	0.5093	0.4722	0.0185
JAYINS010000024.1	0.5594	0.3956	0.0450
JAYINS010000025.1	0.4372	0.5257	0.0372
JAYINS010000026.1	0.5529	0.4403	0.0069
JAYINS010000027.1	0.4516	0.4884	0.0600
JAYINS010000028.1	0.4524	0.5053	0.0423
JAYINS010000029.1	0.4222	0.5569	0.0209
JAYINS010000030.1	0.3794	0.6019	0.0188
JAYINS010000031.1	0.4991	0.4796	0.0214
JAYINS010000032.1	0.3850	0.5681	0.0469
JAYINS010000033.1	0.4738	0.5184	0.0078
JAYINS010000034.1	0.3976	0.5870	0.0154
JAYINS010000035.1	0.3974	0.5904	0.0122
JAYINS010000036.1	0.4505	0.5344	0.0152
JAYINS010000037.1	0.4840	0.4741	0.0418
JAYINS010000038.1	0.5120	0.4846	0.0034
JAYINS010000039.1	0.4117	0.5481	0.0402
JAYINS010000040.1	0.4677	0.5171	0.0152
JAYINS010000041.1	0.4034	0.5369	0.0597
JAYINS010000042.1	0.5124	0.4393	0.0483
JAYINS010000043.1	0.6027	0.3875	0.0098
JAYINS010000044.1	0.4194	0.4986	0.0820
JAYINS010000045.1	0.4200	0.5480	0.0321
JAYINS010000046.1	0.4386	0.5164	0.0450
JAYINS010000047.1	0.4217	0.5392	0.0390
JAYINS010000048.1	0.4452	0.5463	0.0085
JAYINS010000049.1	0.4623	0.4903	0.0473
JAYINS010000050.1	0.3764	0.5753	0.0483
JAYINS010000051.1	0.4707	0.5131	0.0162
JAYINS010000052.1	0.5061	0.4904	0.0035
JAYINS010000053.1	0.2965	0.6873	0.0161
JAYINS010000054.1	0.6962	0.0796	0.2242
JAYINS010000055.1	0.4332	0.5349	0.0319
JAYINS010000056.1	0.3349	0.6545	0.0106
JAYINS010000057.1	0.1540	0.6820	0.1639
JAYINS010000058.1	0.2306	0.6447	0.1247
JAYINS010000059.1	0.1524	0.8433	0.0043
JAYINS010000060.1	0.7099	0.2885	0.0016
JAYINS010000061.1	0.1086	0.6061	0.2853
JAYINS010000062.1	0.5598	0.3438	0.0964
JAYINS010000063.1	0.3540	0.4730	0.1730
JAYINS010000064.1	0.1615	0.7753	0.0631
JAYINS010000065.1	0.1203	0.4604	0.4193
JAYINS010000066.1	0.8557	0.0739	0.0704
JAYINS010000067.1	0.0803	0.7313	0.1885
JAYINS010000068.1	0.1317	0.4680	0.4003
JAYINS010000069.1	0.2589	0.4458	0.2953
JAYINS010000070.1	0.0116	0.9057	0.0826
JAYINS010000071.1	0.1674	0.7260	0.1066
JAYINS010000072.1	0.3637	0.5584	0.0779
JAYINS010000073.1	0.2756	0.7031	0.0213
JAYINS010000074.1	0.0346	0.8473	0.1181
JAYINS010000075.1	0.0985	0.6821	0.2194
JAYINS010000076.1	0.2731	0.6983	0.0286
JAYINS010000077.1	0.4259	0.5223	0.0517
JAYINS010000078.1	0.0891	0.7408	0.1701
JAYINS010000079.1	0.7474	0.2280	0.0247
JAYINS010000080.1	0.1398	0.3348	0.5254
JAYINS010000081.1	0.8527	0.1056	0.0417
JAYINS010000082.1	0.1046	0.6961	0.1993
JAYINS010000083.1	0.0738	0.2391	0.6871
JAYINS010000084.1	0.0796	0.0770	0.8433
JAYINS010000085.1	0.3035	0.0812	0.6153
JAYINS010000086.1	0.7321	0.2446	0.0233
JAYINS010000087.1	0.4874	0.3741	0.1385
JAYINS010000088.1	0.3232	0.5129	0.1639
JAYINS010000089.1	0.2413	0.5192	0.2394
JAYINS010000090.1	0.7240	0.1938	0.0822
JAYINS010000091.1	0.4410	0.2501	0.3089
JAYINS010000092.1	0.6656	0.2600	0.0744
JAYINS010000093.1	0.3666	0.4693	0.1641
JAYINS010000094.1	0.2934	0.2854	0.4212
JAYINS010000095.1	0.5023	0.3216	0.1761
JAYINS010000096.1	0.3437	0.3656	0.2907
JAYINS010000097.1	0.2233	0.3946	0.3821
JAYINS010000098.1	0.3263	0.1181	0.5555
JAYINS010000099.1	0.3536	0.4024	0.2440
JAYINS010000100.1	0.1759	0.2548	0.5692
JAYINS010000101.1	0.7543	0.1235	0.1222
JAYINS010000102.1	0.3977	0.4284	0.1739
JAYINS010000103.1	0.4549	0.1822	0.3629
JAYINS010000104.1	0.3002	0.1754	0.5244
JAYINS010000105.1	0.3556	0.2062	0.4382
JAYINS010000106.1	0.4597	0.1760	0.3644
JAYINS010000107.1	0.2845	0.1955	0.5200
JAYINS010000108.1	0.5179	0.0574	0.4247
JAYINS010000109.1	0.3007	0.1780	0.5214
JAYINS010000110.1	0.2912	0.1013	0.6075
JAYINS010000111.1	0.5599	0.1853	0.2549
JAYINS010000112.1	0.2723	0.1493	0.5784
JAYINS010000113.1	0.3634	0.1066	0.5300
JAYINS010000114.1	0.4101	0.0856	0.5043
JAYINS010000115.1	0.1536	0.1311	0.7153
JAYINS010000116.1	0.2979	0.1094	0.5927
JAYINS010000117.1	0.1195	0.1086	0.7719
JAYINS010000118.1	0.2866	0.0903	0.6230
JAYINS010000119.1	0.1988	0.0703	0.7309
JAYINS010000120.1	0.2042	0.1101	0.6857
JAYINS010000121.1	0.1721	0.0848	0.7431
JAYINS010000122.1	0.1989	0.0835	0.7176
JAYINS010000123.1	0.3915	0.1079	0.5007
JAYINS010000124.1	0.2012	0.0826	0.7162
JAYINS010000125.1	0.1406	0.0489	0.8105
JAYINS010000126.1	0.1999	0.0834	0.7167
JAYINS010000127.1	0.2391	0.1095	0.6514
JAYINS010000128.1	0.1781	0.0410	0.7809
JAYINS010000129.1	0.3001	0.1253	0.5746
JAYINS010000130.1	0.3404	0.0716	0.5880
JAYINS010000131.1	0.4683	0.0985	0.4331
