seq_name	chromosome_score	plasmid_score	virus_score
JAUIPA010000001.1	0.4726	0.5115	0.0159
JAUIPA010000002.1	0.4701	0.5055	0.0243
JAUIPA010000003.1	0.4922	0.4849	0.0229
JAUIPA010000004.1	0.4460	0.5387	0.0153
JAUIPA010000005.1	0.3884	0.5470	0.0646
JAUIPA010000006.1	0.3929	0.5692	0.0379
JAUIPA010000007.1	0.3652	0.5918	0.0429
JAUIPA010000008.1	0.4300	0.5316	0.0384
JAUIPA010000009.1	0.3766	0.5904	0.0330
JAUIPA010000010.1	0.5204	0.4319	0.0476
JAUIPA010000011.1	0.3793	0.5804	0.0403
JAUIPA010000012.1	0.4071	0.5097	0.0832
JAUIPA010000013.1	0.3407	0.6226	0.0367
JAUIPA010000014.1	0.3859	0.5513	0.0628
JAUIPA010000015.1	0.4148	0.5567	0.0285
JAUIPA010000016.1	0.4911	0.4765	0.0324
JAUIPA010000017.1	0.4332	0.5447	0.0221
JAUIPA010000018.1	0.2982	0.6444	0.0574
JAUIPA010000019.1	0.4259	0.5408	0.0333
JAUIPA010000020.1	0.4493	0.5433	0.0074
JAUIPA010000021.1	0.4630	0.5171	0.0199
JAUIPA010000022.1	0.5485	0.3745	0.0770
JAUIPA010000023.1	0.4123	0.5414	0.0463
JAUIPA010000024.1	0.5242	0.3969	0.0788
JAUIPA010000025.1	0.4922	0.4792	0.0286
JAUIPA010000026.1	0.5231	0.4560	0.0209
JAUIPA010000027.1	0.4203	0.5320	0.0478
JAUIPA010000028.1	0.5713	0.4104	0.0182
JAUIPA010000029.1	0.4921	0.4865	0.0214
JAUIPA010000030.1	0.4911	0.4776	0.0313
JAUIPA010000031.1	0.4706	0.5112	0.0182
JAUIPA010000032.1	0.4110	0.5844	0.0046
JAUIPA010000033.1	0.3861	0.5823	0.0315
JAUIPA010000034.1	0.5160	0.4476	0.0364
JAUIPA010000035.1	0.4710	0.4756	0.0534
JAUIPA010000036.1	0.5475	0.4094	0.0430
JAUIPA010000037.1	0.3147	0.5463	0.1390
JAUIPA010000038.1	0.5259	0.4474	0.0267
JAUIPA010000039.1	0.4605	0.5087	0.0307
JAUIPA010000040.1	0.3500	0.5989	0.0511
JAUIPA010000041.1	0.2437	0.6615	0.0948
JAUIPA010000042.1	0.4488	0.5319	0.0193
JAUIPA010000043.1	0.4402	0.5426	0.0172
JAUIPA010000044.1	0.5773	0.4068	0.0159
JAUIPA010000045.1	0.4646	0.5187	0.0167
JAUIPA010000046.1	0.4008	0.5642	0.0350
JAUIPA010000047.1	0.4412	0.5542	0.0046
JAUIPA010000048.1	0.4796	0.4976	0.0229
JAUIPA010000049.1	0.5799	0.4045	0.0156
JAUIPA010000050.1	0.4270	0.5619	0.0111
JAUIPA010000051.1	0.4325	0.5431	0.0245
JAUIPA010000052.1	0.3959	0.4979	0.1063
JAUIPA010000053.1	0.4061	0.4794	0.1145
JAUIPA010000054.1	0.3716	0.4879	0.1405
JAUIPA010000055.1	0.3314	0.6636	0.0050
JAUIPA010000056.1	0.5333	0.4549	0.0118
JAUIPA010000057.1	0.4995	0.4910	0.0095
JAUIPA010000058.1	0.3835	0.5135	0.1029
JAUIPA010000059.1	0.6607	0.0785	0.2607
JAUIPA010000060.1	0.0843	0.8455	0.0702
JAUIPA010000061.1	0.4064	0.5269	0.0667
JAUIPA010000062.1	0.3550	0.6324	0.0126
JAUIPA010000063.1	0.5103	0.4252	0.0645
JAUIPA010000064.1	0.4720	0.5244	0.0037
JAUIPA010000065.1	0.4428	0.5499	0.0073
JAUIPA010000066.1	0.6597	0.3357	0.0045
JAUIPA010000067.1	0.1305	0.7587	0.1108
JAUIPA010000068.1	0.2353	0.6369	0.1278
JAUIPA010000069.1	0.4352	0.5464	0.0184
JAUIPA010000070.1	0.3380	0.6351	0.0269
JAUIPA010000071.1	0.3730	0.6181	0.0089
JAUIPA010000072.1	0.2011	0.7456	0.0533
JAUIPA010000073.1	0.3696	0.5701	0.0603
JAUIPA010000074.1	0.2118	0.7839	0.0042
JAUIPA010000075.1	0.6479	0.3390	0.0130
JAUIPA010000076.1	0.6454	0.3319	0.0228
JAUIPA010000077.1	0.4317	0.3798	0.1884
JAUIPA010000078.1	0.2176	0.7286	0.0538
JAUIPA010000079.1	0.7410	0.2573	0.0017
JAUIPA010000080.1	0.6765	0.2328	0.0907
JAUIPA010000081.1	0.2474	0.5579	0.1947
JAUIPA010000082.1	0.6795	0.1982	0.1223
JAUIPA010000083.1	0.1793	0.2399	0.5808
JAUIPA010000084.1	0.1950	0.5095	0.2955
JAUIPA010000085.1	0.3116	0.0744	0.6139
JAUIPA010000086.1	0.2574	0.5342	0.2084
JAUIPA010000087.1	0.3942	0.4176	0.1882
JAUIPA010000088.1	0.1117	0.2983	0.5901
JAUIPA010000089.1	0.0731	0.0777	0.8492
JAUIPA010000090.1	0.3984	0.4158	0.1859
JAUIPA010000091.1	0.6869	0.2810	0.0321
JAUIPA010000092.1	0.1753	0.5640	0.2607
JAUIPA010000093.1	0.0818	0.7546	0.1635
JAUIPA010000094.1	0.3397	0.4553	0.2049
JAUIPA010000095.1	0.3816	0.4488	0.1696
JAUIPA010000096.1	0.6007	0.2642	0.1352
JAUIPA010000097.1	0.6679	0.2909	0.0412
JAUIPA010000098.1	0.4447	0.3938	0.1615
JAUIPA010000099.1	0.6624	0.2056	0.1320
JAUIPA010000100.1	0.2878	0.4107	0.3015
JAUIPA010000101.1	0.1549	0.1888	0.6563
JAUIPA010000102.1	0.3233	0.3983	0.2785
JAUIPA010000103.1	0.1903	0.0918	0.7179
JAUIPA010000104.1	0.6059	0.1470	0.2470
JAUIPA010000105.1	0.6119	0.0916	0.2965
JAUIPA010000106.1	0.5518	0.2354	0.2128
JAUIPA010000107.1	0.2786	0.4861	0.2353
JAUIPA010000108.1	0.3085	0.2886	0.4029
