seq_name	chromosome_score	plasmid_score	virus_score
JAUIOU010000100.1	0.2890	0.6467	0.0643
JAUIOU010000101.1	0.6507	0.3297	0.0196
JAUIOU010000102.1	0.1307	0.1947	0.6746
JAUIOU010000103.1	0.1943	0.6015	0.2042
JAUIOU010000104.1	0.6455	0.3432	0.0113
JAUIOU010000105.1	0.4952	0.3775	0.1273
JAUIOU010000106.1	0.7549	0.1998	0.0453
JAUIOU010000107.1	0.2382	0.5208	0.2410
JAUIOU010000108.1	0.1086	0.6029	0.2884
JAUIOU010000109.1	0.2925	0.4894	0.2181
JAUIOU010000010.1	0.3700	0.5828	0.0472
JAUIOU010000110.1	0.4566	0.4882	0.0552
JAUIOU010000111.1	0.3915	0.4407	0.1678
JAUIOU010000112.1	0.2503	0.2712	0.4784
JAUIOU010000113.1	0.3190	0.3807	0.3003
JAUIOU010000114.1	0.3123	0.4556	0.2321
JAUIOU010000115.1	0.0714	0.4022	0.5265
JAUIOU010000116.1	0.5962	0.3161	0.0877
JAUIOU010000117.1	0.6159	0.2601	0.1239
JAUIOU010000118.1	0.1961	0.4079	0.3959
JAUIOU010000119.1	0.5533	0.2890	0.1577
JAUIOU010000011.1	0.4873	0.5016	0.0110
JAUIOU010000120.1	0.6864	0.1928	0.1208
JAUIOU010000121.1	0.2467	0.4333	0.3200
JAUIOU010000122.1	0.3618	0.3792	0.2590
JAUIOU010000123.1	0.1770	0.0960	0.7270
JAUIOU010000124.1	0.3041	0.1126	0.5833
JAUIOU010000125.1	0.7295	0.1335	0.1369
JAUIOU010000126.1	0.4828	0.3458	0.1714
JAUIOU010000012.1	0.4170	0.5123	0.0707
JAUIOU010000013.1	0.4701	0.5108	0.0191
JAUIOU010000014.1	0.5006	0.4867	0.0127
JAUIOU010000015.1	0.4629	0.5285	0.0086
JAUIOU010000016.1	0.5575	0.3912	0.0513
JAUIOU010000017.1	0.4226	0.5426	0.0348
JAUIOU010000018.1	0.5194	0.4626	0.0180
JAUIOU010000019.1	0.4361	0.5583	0.0056
JAUIOU010000001.1	0.4679	0.5087	0.0234
JAUIOU010000020.1	0.5205	0.4713	0.0082
JAUIOU010000021.1	0.4517	0.5164	0.0319
JAUIOU010000022.1	0.5554	0.3781	0.0665
JAUIOU010000023.1	0.4149	0.5591	0.0260
JAUIOU010000024.1	0.4503	0.5319	0.0178
JAUIOU010000025.1	0.5107	0.4731	0.0161
JAUIOU010000026.1	0.3630	0.6117	0.0253
JAUIOU010000027.1	0.3425	0.5480	0.1095
JAUIOU010000028.1	0.6292	0.3140	0.0568
JAUIOU010000029.1	0.5869	0.3984	0.0147
JAUIOU010000002.1	0.4524	0.5160	0.0315
JAUIOU010000030.1	0.4366	0.5404	0.0230
JAUIOU010000031.1	0.4890	0.4920	0.0190
JAUIOU010000032.1	0.4260	0.5578	0.0162
JAUIOU010000033.1	0.5966	0.3948	0.0086
JAUIOU010000034.1	0.5318	0.4529	0.0153
JAUIOU010000035.1	0.4077	0.5097	0.0826
JAUIOU010000036.1	0.4138	0.5772	0.0090
JAUIOU010000037.1	0.4594	0.5219	0.0187
JAUIOU010000038.1	0.3386	0.6472	0.0142
JAUIOU010000039.1	0.5301	0.4066	0.0633
JAUIOU010000003.1	0.4529	0.5302	0.0170
JAUIOU010000040.1	0.4700	0.5231	0.0069
JAUIOU010000041.1	0.4100	0.5461	0.0439
JAUIOU010000042.1	0.4548	0.5341	0.0111
JAUIOU010000043.1	0.4077	0.5658	0.0265
JAUIOU010000044.1	0.2940	0.6826	0.0234
JAUIOU010000045.1	0.4978	0.4924	0.0098
JAUIOU010000046.1	0.3624	0.5873	0.0504
JAUIOU010000047.1	0.4088	0.5734	0.0178
JAUIOU010000048.1	0.4213	0.5499	0.0287
JAUIOU010000049.1	0.5020	0.4811	0.0169
JAUIOU010000004.1	0.4333	0.5379	0.0287
JAUIOU010000050.1	0.4859	0.4842	0.0299
JAUIOU010000051.1	0.4619	0.5326	0.0055
JAUIOU010000052.1	0.4070	0.5859	0.0071
JAUIOU010000053.1	0.4679	0.5234	0.0086
JAUIOU010000054.1	0.6313	0.3619	0.0068
JAUIOU010000055.1	0.3883	0.5952	0.0165
JAUIOU010000056.1	0.3763	0.5802	0.0435
JAUIOU010000057.1	0.4219	0.5005	0.0776
JAUIOU010000058.1	0.5382	0.4354	0.0264
JAUIOU010000059.1	0.5941	0.3974	0.0086
JAUIOU010000005.1	0.4819	0.4853	0.0328
JAUIOU010000060.1	0.3324	0.6001	0.0675
JAUIOU010000061.1	0.4960	0.4913	0.0128
JAUIOU010000062.1	0.5198	0.4721	0.0081
JAUIOU010000063.1	0.5326	0.3608	0.1066
JAUIOU010000064.1	0.5219	0.4725	0.0056
JAUIOU010000065.1	0.2512	0.7198	0.0289
JAUIOU010000066.1	0.3251	0.6295	0.0454
JAUIOU010000067.1	0.6821	0.0790	0.2389
JAUIOU010000068.1	0.3988	0.5116	0.0896
JAUIOU010000069.1	0.4456	0.5319	0.0225
JAUIOU010000006.1	0.4537	0.5318	0.0145
JAUIOU010000070.1	0.5983	0.3825	0.0193
JAUIOU010000071.1	0.2037	0.6359	0.1604
JAUIOU010000072.1	0.6149	0.3819	0.0033
JAUIOU010000073.1	0.4660	0.4918	0.0422
JAUIOU010000074.1	0.0663	0.8981	0.0355
JAUIOU010000075.1	0.6419	0.3346	0.0235
JAUIOU010000076.1	0.4680	0.5137	0.0183
JAUIOU010000077.1	0.2333	0.6911	0.0755
JAUIOU010000078.1	0.6188	0.3776	0.0036
JAUIOU010000079.1	0.4532	0.5431	0.0037
JAUIOU010000007.1	0.4354	0.5491	0.0155
JAUIOU010000080.1	0.2450	0.6042	0.1508
JAUIOU010000081.1	0.6202	0.3773	0.0025
JAUIOU010000082.1	0.2688	0.5688	0.1624
JAUIOU010000083.1	0.3796	0.5721	0.0483
JAUIOU010000084.1	0.4846	0.5008	0.0146
JAUIOU010000085.1	0.5514	0.4389	0.0097
JAUIOU010000086.1	0.8645	0.0720	0.0636
JAUIOU010000087.1	0.4453	0.4780	0.0767
JAUIOU010000088.1	0.1420	0.7093	0.1487
JAUIOU010000089.1	0.0920	0.6155	0.2925
JAUIOU010000008.1	0.3457	0.6232	0.0311
JAUIOU010000090.1	0.0865	0.8992	0.0143
JAUIOU010000091.1	0.7966	0.1970	0.0064
JAUIOU010000092.1	0.3440	0.6372	0.0188
JAUIOU010000093.1	0.3522	0.5023	0.1455
JAUIOU010000094.1	0.1340	0.8457	0.0203
JAUIOU010000095.1	0.2329	0.5557	0.2113
JAUIOU010000096.1	0.8356	0.1072	0.0573
JAUIOU010000097.1	0.5866	0.2672	0.1462
JAUIOU010000098.1	0.4453	0.4999	0.0548
JAUIOU010000099.1	0.4740	0.4062	0.1198
JAUIOU010000009.1	0.3913	0.5648	0.0439
