seq_name	chromosome_score	plasmid_score	virus_score
JAYINZ010000001.1	0.9625	0.0346	0.0029
JAYINZ010000002.1	0.9565	0.0401	0.0034
JAYINZ010000003.1	0.9411	0.0545	0.0045
JAYINZ010000004.1	0.9735	0.0241	0.0024
JAYINZ010000005.1	0.9729	0.0249	0.0022
JAYINZ010000006.1	0.9641	0.0327	0.0031
JAYINZ010000007.1	0.9334	0.0618	0.0049
JAYINZ010000008.1	0.9884	0.0102	0.0014
JAYINZ010000009.1	0.9444	0.0514	0.0042
JAYINZ010000010.1	0.9399	0.0563	0.0038
JAYINZ010000011.1	0.9365	0.0590	0.0045
JAYINZ010000012.1	0.9503	0.0460	0.0037
JAYINZ010000013.1	0.9518	0.0446	0.0036
JAYINZ010000014.1	0.8913	0.1027	0.0060
JAYINZ010000015.1	0.9600	0.0369	0.0031
JAYINZ010000016.1	0.8954	0.0978	0.0068
JAYINZ010000017.1	0.9021	0.0920	0.0059
JAYINZ010000018.1	0.9484	0.0479	0.0037
JAYINZ010000019.1	0.9231	0.0709	0.0061
JAYINZ010000020.1	0.9475	0.0491	0.0034
JAYINZ010000021.1	0.9717	0.0259	0.0023
JAYINZ010000022.1	0.8147	0.1729	0.0124
JAYINZ010000023.1	0.9680	0.0295	0.0024
JAYINZ010000024.1	0.8942	0.0998	0.0060
JAYINZ010000025.1	0.9832	0.0154	0.0014
JAYINZ010000026.1	0.9633	0.0337	0.0030
JAYINZ010000027.1	0.9680	0.0295	0.0025
JAYINZ010000028.1	0.0000	1.0000	0.0000
JAYINZ010000029.1	0.9699	0.0272	0.0030
JAYINZ010000030.1	0.8694	0.1234	0.0072
JAYINZ010000031.1	0.9708	0.0265	0.0027
JAYINZ010000032.1	0.9848	0.0131	0.0021
JAYINZ010000033.1	0.6226	0.3727	0.0047
JAYINZ010000034.1	0.0002	0.9997	0.0001
JAYINZ010000035.1	0.8904	0.1033	0.0063
JAYINZ010000036.1	0.9919	0.0072	0.0008
JAYINZ010000037.1	0.9373	0.0577	0.0050
JAYINZ010000038.1	0.9120	0.0826	0.0055
JAYINZ010000039.1	0.9982	0.0014	0.0005
JAYINZ010000040.1	0.0000	0.9999	0.0001
JAYINZ010000041.1	0.0001	0.9999	0.0001
JAYINZ010000042.1	0.9365	0.0601	0.0034
JAYINZ010000043.1	0.0008	0.9988	0.0004
JAYINZ010000044.1	0.0179	0.9471	0.0350
JAYINZ010000045.1	0.8711	0.1239	0.0050
JAYINZ010000046.1	0.0000	1.0000	0.0000
JAYINZ010000047.1	0.1037	0.8857	0.0107
JAYINZ010000048.1	0.1183	0.1053	0.7764
JAYINZ010000049.1	0.0229	0.6243	0.3528
JAYINZ010000050.1	0.9863	0.0125	0.0011
JAYINZ010000051.1	0.1309	0.8507	0.0184
JAYINZ010000052.1	0.0002	0.9993	0.0004
JAYINZ010000053.1	0.4551	0.5435	0.0014
JAYINZ010000054.1	0.0000	0.9999	0.0001
JAYINZ010000055.1	0.0271	0.9665	0.0063
JAYINZ010000056.1	0.2034	0.7544	0.0422
JAYINZ010000057.1	0.0001	0.9996	0.0003
JAYINZ010000058.1	0.1622	0.8285	0.0093
JAYINZ010000059.1	0.0000	0.9999	0.0000
JAYINZ010000060.1	0.0029	0.9971	0.0000
JAYINZ010000061.1	0.9252	0.0702	0.0045
JAYINZ010000062.1	0.8388	0.1542	0.0071
JAYINZ010000063.1	0.0263	0.8690	0.1047
JAYINZ010000064.1	0.7118	0.2325	0.0557
JAYINZ010000065.1	0.9664	0.0302	0.0034
JAYINZ010000066.1	0.3788	0.4696	0.1515
JAYINZ010000067.1	0.9723	0.0209	0.0068
JAYINZ010000068.1	0.1002	0.7966	0.1032
JAYINZ010000069.1	0.4564	0.4473	0.0963
JAYINZ010000070.1	0.3637	0.5677	0.0687
JAYINZ010000071.1	0.4906	0.3659	0.1435
JAYINZ010000072.1	0.6263	0.1925	0.1812
JAYINZ010000073.1	0.3565	0.6237	0.0198
JAYINZ010000074.1	0.9278	0.0535	0.0187
JAYINZ010000075.1	0.2783	0.1505	0.5712
JAYINZ010000076.1	0.6132	0.1630	0.2238
JAYINZ010000077.1	0.1387	0.1920	0.6693
JAYINZ010000078.1	0.0477	0.6686	0.2837
JAYINZ010000079.1	0.8336	0.0808	0.0856
JAYINZ010000080.1	0.2618	0.2280	0.5102
JAYINZ010000081.1	0.6204	0.0557	0.3238
JAYINZ010000082.1	0.0647	0.0226	0.9127
JAYINZ010000083.1	0.7008	0.1198	0.1794
JAYINZ010000084.1	0.7646	0.0632	0.1722
JAYINZ010000085.1	0.7349	0.2429	0.0222
JAYINZ010000086.1	0.2194	0.1037	0.6769
JAYINZ010000087.1	0.4000	0.1503	0.4498
JAYINZ010000088.1	0.2474	0.0442	0.7084
JAYINZ010000089.1	0.3634	0.2093	0.4272
JAYINZ010000090.1	0.1394	0.3427	0.5179
JAYINZ010000091.1	0.1921	0.1516	0.6563
JAYINZ010000092.1	0.0001	0.9999	0.0000
JAYINZ010000093.1	0.5343	0.0612	0.4045
JAYINZ010000094.1	0.5776	0.0739	0.3485
JAYINZ010000095.1	0.3305	0.0506	0.6190
JAYINZ010000096.1	0.2278	0.1136	0.6587
JAYINZ010000097.1	0.1771	0.0440	0.7789
JAYINZ010000098.1	0.6331	0.0800	0.2869
JAYINZ010000099.1	0.4679	0.0603	0.4718
JAYINZ010000100.1	0.4227	0.1479	0.4294
JAYINZ010000101.1	0.1694	0.0356	0.7949
JAYINZ010000102.1	0.5056	0.1699	0.3245
JAYINZ010000103.1	0.0004	0.9996	0.0000
JAYINZ010000104.1	0.5391	0.0363	0.4246
JAYINZ010000105.1	0.8202	0.1569	0.0229
JAYINZ010000106.1	0.8415	0.0356	0.1229
JAYINZ010000107.1	0.3991	0.0391	0.5618
JAYINZ010000108.1	0.7820	0.0502	0.1677
JAYINZ010000109.1	0.1310	0.1295	0.7395
JAYINZ010000110.1	0.1719	0.0382	0.7899
JAYINZ010000111.1	0.5754	0.0525	0.3721
JAYINZ010000112.1	0.0909	0.0641	0.8450
JAYINZ010000113.1	0.6335	0.0735	0.2930
JAYINZ010000114.1	0.4610	0.0406	0.4985
JAYINZ010000115.1	0.7634	0.0640	0.1726
JAYINZ010000116.1	0.5879	0.0436	0.3685
JAYINZ010000117.1	0.8043	0.0330	0.1627
JAYINZ010000118.1	0.2417	0.0510	0.7073
JAYINZ010000119.1	0.4419	0.0396	0.5185
