seq_name	chromosome_score	plasmid_score	virus_score
JAYIRY010000001.1	0.9484	0.0479	0.0037
JAYIRY010000002.1	0.9679	0.0295	0.0026
JAYIRY010000003.1	0.9604	0.0365	0.0031
JAYIRY010000004.1	0.9759	0.0219	0.0022
JAYIRY010000005.1	0.9522	0.0444	0.0034
JAYIRY010000006.1	0.9309	0.0641	0.0049
JAYIRY010000007.1	0.8975	0.0968	0.0056
JAYIRY010000008.1	0.9158	0.0791	0.0051
JAYIRY010000009.1	0.9397	0.0556	0.0048
JAYIRY010000010.1	0.9428	0.0533	0.0039
JAYIRY010000011.1	0.9571	0.0398	0.0031
JAYIRY010000012.1	0.9693	0.0284	0.0023
JAYIRY010000013.1	0.9591	0.0375	0.0035
JAYIRY010000014.1	0.9373	0.0585	0.0042
JAYIRY010000015.1	0.9261	0.0696	0.0043
JAYIRY010000016.1	0.9606	0.0359	0.0035
JAYIRY010000017.1	0.9824	0.0160	0.0016
JAYIRY010000018.1	0.9776	0.0206	0.0019
JAYIRY010000019.1	0.9496	0.0469	0.0035
JAYIRY010000020.1	0.9399	0.0554	0.0047
JAYIRY010000021.1	0.8495	0.1413	0.0092
JAYIRY010000022.1	0.9877	0.0112	0.0011
JAYIRY010000023.1	0.9344	0.0606	0.0050
JAYIRY010000024.1	0.0000	0.9999	0.0000
JAYIRY010000025.1	0.9204	0.0752	0.0044
JAYIRY010000026.1	0.9600	0.0369	0.0031
JAYIRY010000027.1	0.9597	0.0370	0.0033
JAYIRY010000028.1	0.9857	0.0130	0.0013
JAYIRY010000029.1	0.9743	0.0230	0.0027
JAYIRY010000030.1	0.9856	0.0132	0.0012
JAYIRY010000031.1	0.9946	0.0046	0.0008
JAYIRY010000032.1	0.9560	0.0408	0.0031
JAYIRY010000033.1	0.9648	0.0327	0.0026
JAYIRY010000034.1	0.8659	0.1269	0.0072
JAYIRY010000035.1	0.9336	0.0616	0.0048
JAYIRY010000036.1	0.8913	0.1010	0.0076
JAYIRY010000037.1	0.9593	0.0342	0.0065
JAYIRY010000038.1	0.8697	0.1240	0.0063
JAYIRY010000039.1	0.9797	0.0182	0.0021
JAYIRY010000040.1	0.9596	0.0373	0.0031
JAYIRY010000041.1	0.9578	0.0387	0.0035
JAYIRY010000042.1	0.9857	0.0131	0.0013
JAYIRY010000043.1	0.9942	0.0052	0.0006
JAYIRY010000044.1	0.5585	0.4326	0.0088
JAYIRY010000045.1	0.9396	0.0563	0.0041
JAYIRY010000046.1	0.9710	0.0250	0.0040
JAYIRY010000047.1	0.3543	0.6364	0.0094
JAYIRY010000048.1	0.9758	0.0222	0.0021
JAYIRY010000049.1	0.9880	0.0108	0.0013
JAYIRY010000050.1	0.8808	0.1128	0.0064
JAYIRY010000051.1	0.9115	0.0840	0.0045
JAYIRY010000052.1	0.9564	0.0408	0.0027
JAYIRY010000053.1	0.9903	0.0086	0.0011
JAYIRY010000054.1	0.0001	0.9998	0.0001
JAYIRY010000055.1	0.9932	0.0053	0.0015
JAYIRY010000056.1	0.9683	0.0291	0.0026
JAYIRY010000057.1	0.2646	0.7267	0.0087
JAYIRY010000058.1	0.0004	0.9995	0.0001
JAYIRY010000059.1	0.9370	0.0566	0.0064
JAYIRY010000060.1	0.1763	0.0376	0.7861
JAYIRY010000061.1	0.7895	0.2003	0.0102
JAYIRY010000062.1	0.0000	0.9999	0.0001
JAYIRY010000063.1	0.6440	0.3441	0.0119
JAYIRY010000064.1	0.9972	0.0022	0.0006
JAYIRY010000065.1	0.9625	0.0349	0.0026
JAYIRY010000066.1	0.0300	0.9671	0.0030
JAYIRY010000067.1	0.0329	0.9640	0.0031
JAYIRY010000068.1	0.9698	0.0281	0.0021
JAYIRY010000069.1	0.9860	0.0126	0.0013
JAYIRY010000070.1	0.9949	0.0044	0.0007
JAYIRY010000071.1	0.0001	0.9998	0.0000
JAYIRY010000072.1	0.0778	0.9125	0.0098
JAYIRY010000073.1	0.9898	0.0093	0.0009
JAYIRY010000074.1	0.0008	0.9973	0.0018
JAYIRY010000075.1	0.9800	0.0182	0.0018
JAYIRY010000076.1	0.0001	0.9996	0.0003
JAYIRY010000077.1	0.0001	0.9997	0.0002
JAYIRY010000078.1	0.0085	0.9869	0.0046
JAYIRY010000079.1	0.8770	0.1186	0.0044
JAYIRY010000080.1	0.1415	0.8540	0.0045
JAYIRY010000081.1	0.0013	0.0341	0.9646
JAYIRY010000082.1	0.0434	0.9478	0.0088
JAYIRY010000083.1	0.0001	0.0002	0.9997
JAYIRY010000084.1	0.0000	1.0000	0.0000
JAYIRY010000085.1	0.4908	0.4928	0.0164
JAYIRY010000086.1	0.0158	0.9712	0.0130
JAYIRY010000087.1	0.0182	0.9110	0.0708
JAYIRY010000088.1	0.7101	0.2866	0.0033
JAYIRY010000089.1	0.0002	0.0007	0.9991
JAYIRY010000090.1	0.0522	0.3668	0.5809
JAYIRY010000091.1	0.2753	0.7040	0.0207
JAYIRY010000092.1	0.9920	0.0066	0.0013
JAYIRY010000093.1	0.8740	0.1111	0.0148
JAYIRY010000094.1	0.5312	0.3764	0.0924
JAYIRY010000095.1	0.0255	0.9464	0.0280
JAYIRY010000096.1	0.1106	0.8521	0.0373
JAYIRY010000097.1	0.1150	0.7578	0.1272
JAYIRY010000098.1	0.7219	0.2177	0.0604
JAYIRY010000099.1	0.0002	0.9997	0.0001
JAYIRY010000100.1	0.7755	0.2088	0.0157
JAYIRY010000101.1	0.1585	0.2121	0.6294
JAYIRY010000102.1	0.7895	0.1899	0.0206
JAYIRY010000103.1	0.0000	0.9999	0.0000
JAYIRY010000104.1	0.7755	0.2177	0.0067
JAYIRY010000105.1	0.0039	0.0015	0.9946
JAYIRY010000106.1	0.9343	0.0450	0.0208
JAYIRY010000107.1	0.5631	0.3788	0.0581
JAYIRY010000108.1	0.4729	0.2911	0.2360
JAYIRY010000109.1	0.1697	0.0065	0.8237
JAYIRY010000110.1	0.0366	0.0961	0.8673
