seq_name	chromosome_score	plasmid_score	virus_score
JAYIUJ010000001.1	0.9557	0.0412	0.0031
JAYIUJ010000010.1	0.9164	0.0777	0.0059
JAYIUJ010000100.1	0.0137	0.9795	0.0069
JAYIUJ010000101.1	0.0010	0.9978	0.0012
JAYIUJ010000102.1	0.2322	0.6754	0.0924
JAYIUJ010000103.1	0.4423	0.1271	0.4306
JAYIUJ010000104.1	0.0001	0.9999	0.0000
JAYIUJ010000105.1	0.0000	0.9998	0.0001
JAYIUJ010000106.1	0.8194	0.1068	0.0738
JAYIUJ010000107.1	0.8013	0.1468	0.0518
JAYIUJ010000108.1	0.5515	0.0714	0.3771
JAYIUJ010000109.1	0.3879	0.3138	0.2983
JAYIUJ010000011.1	0.9626	0.0339	0.0035
JAYIUJ010000110.1	0.7644	0.2163	0.0193
JAYIUJ010000111.1	0.2123	0.0414	0.7463
JAYIUJ010000112.1	0.0002	0.9998	0.0000
JAYIUJ010000113.1	0.4488	0.4491	0.1021
JAYIUJ010000012.1	0.9475	0.0482	0.0043
JAYIUJ010000013.1	0.9105	0.0840	0.0055
JAYIUJ010000014.1	0.9338	0.0620	0.0042
JAYIUJ010000015.1	0.9188	0.0760	0.0052
JAYIUJ010000016.1	0.9506	0.0460	0.0034
JAYIUJ010000017.1	0.9108	0.0835	0.0057
JAYIUJ010000018.1	0.9727	0.0246	0.0027
JAYIUJ010000019.1	0.9597	0.0366	0.0037
JAYIUJ010000002.1	0.9404	0.0557	0.0039
JAYIUJ010000020.1	0.9640	0.0332	0.0028
JAYIUJ010000021.1	0.9493	0.0472	0.0036
JAYIUJ010000022.1	0.9230	0.0717	0.0054
JAYIUJ010000023.1	0.9833	0.0152	0.0014
JAYIUJ010000024.1	0.9792	0.0190	0.0018
JAYIUJ010000025.1	0.9918	0.0071	0.0011
JAYIUJ010000026.1	0.9475	0.0486	0.0039
JAYIUJ010000027.1	0.9520	0.0443	0.0037
JAYIUJ010000028.1	0.9293	0.0659	0.0048
JAYIUJ010000029.1	0.9479	0.0483	0.0038
JAYIUJ010000003.1	0.9637	0.0333	0.0029
JAYIUJ010000030.1	0.9195	0.0757	0.0049
JAYIUJ010000031.1	0.9935	0.0057	0.0008
JAYIUJ010000032.1	0.4679	0.5249	0.0072
JAYIUJ010000033.1	0.9921	0.0070	0.0008
JAYIUJ010000034.1	0.9253	0.0700	0.0047
JAYIUJ010000035.1	0.9742	0.0237	0.0021
JAYIUJ010000036.1	0.9023	0.0915	0.0061
JAYIUJ010000037.1	0.9103	0.0847	0.0050
JAYIUJ010000038.1	0.9340	0.0620	0.0040
JAYIUJ010000039.1	0.9607	0.0361	0.0032
JAYIUJ010000004.1	0.9452	0.0512	0.0036
JAYIUJ010000040.1	0.9555	0.0414	0.0032
JAYIUJ010000041.1	0.8875	0.1070	0.0056
JAYIUJ010000042.1	0.9601	0.0363	0.0036
JAYIUJ010000043.1	0.9757	0.0219	0.0024
JAYIUJ010000044.1	0.0123	0.9869	0.0008
JAYIUJ010000045.1	0.0018	0.9979	0.0002
JAYIUJ010000046.1	0.0042	0.9954	0.0004
JAYIUJ010000047.1	0.9533	0.0435	0.0032
JAYIUJ010000048.1	0.9601	0.0366	0.0033
JAYIUJ010000049.1	0.9759	0.0217	0.0024
JAYIUJ010000005.1	0.9749	0.0227	0.0023
JAYIUJ010000050.1	0.9088	0.0854	0.0057
JAYIUJ010000051.1	0.9389	0.0575	0.0036
JAYIUJ010000052.1	0.9022	0.0918	0.0060
JAYIUJ010000053.1	0.9601	0.0371	0.0028
JAYIUJ010000054.1	0.1148	0.8836	0.0016
JAYIUJ010000055.1	0.9272	0.0688	0.0040
JAYIUJ010000056.1	0.9885	0.0102	0.0012
JAYIUJ010000057.1	0.0036	0.9959	0.0004
JAYIUJ010000058.1	0.0029	0.9964	0.0007
JAYIUJ010000059.1	0.3894	0.6009	0.0097
JAYIUJ010000006.1	0.9783	0.0198	0.0019
JAYIUJ010000060.1	0.9978	0.0018	0.0004
JAYIUJ010000061.1	0.3171	0.6760	0.0069
JAYIUJ010000062.1	0.9001	0.0965	0.0033
JAYIUJ010000063.1	0.9924	0.0068	0.0008
JAYIUJ010000064.1	0.5196	0.4758	0.0046
JAYIUJ010000065.1	0.0000	1.0000	0.0000
JAYIUJ010000066.1	0.6419	0.3548	0.0033
JAYIUJ010000067.1	0.0019	0.9979	0.0002
JAYIUJ010000068.1	0.0472	0.9471	0.0057
JAYIUJ010000069.1	0.9290	0.0670	0.0040
JAYIUJ010000007.1	0.9742	0.0237	0.0022
JAYIUJ010000070.1	0.0000	1.0000	0.0000
JAYIUJ010000071.1	0.0041	0.9949	0.0010
JAYIUJ010000072.1	0.0000	1.0000	0.0000
JAYIUJ010000073.1	0.7562	0.2344	0.0094
JAYIUJ010000074.1	0.4258	0.5590	0.0152
JAYIUJ010000075.1	0.0035	0.9854	0.0111
JAYIUJ010000076.1	0.9405	0.0590	0.0005
JAYIUJ010000077.1	0.6641	0.2904	0.0455
JAYIUJ010000078.1	0.0594	0.9096	0.0311
JAYIUJ010000079.1	0.0004	0.9992	0.0005
JAYIUJ010000008.1	0.9128	0.0816	0.0056
JAYIUJ010000080.1	0.9969	0.0027	0.0004
JAYIUJ010000081.1	0.0000	1.0000	0.0000
JAYIUJ010000082.1	0.9998	0.0002	0.0000
JAYIUJ010000083.1	0.0001	0.9999	0.0001
JAYIUJ010000084.1	0.0309	0.9665	0.0026
JAYIUJ010000085.1	0.1737	0.7849	0.0414
JAYIUJ010000086.1	0.9369	0.0573	0.0058
JAYIUJ010000087.1	0.9922	0.0069	0.0009
JAYIUJ010000088.1	0.5251	0.3923	0.0826
JAYIUJ010000089.1	0.0054	0.9737	0.0208
JAYIUJ010000009.1	0.9483	0.0481	0.0036
JAYIUJ010000090.1	0.9907	0.0085	0.0008
JAYIUJ010000091.1	0.0525	0.1767	0.7708
JAYIUJ010000092.1	0.1487	0.8020	0.0494
JAYIUJ010000093.1	0.1894	0.4326	0.3779
JAYIUJ010000094.1	0.8652	0.1037	0.0311
JAYIUJ010000095.1	0.6515	0.2583	0.0902
JAYIUJ010000096.1	0.2061	0.7106	0.0833
JAYIUJ010000097.1	0.3355	0.5926	0.0719
JAYIUJ010000098.1	0.0108	0.9888	0.0003
JAYIUJ010000099.1	0.1466	0.7310	0.1223
