seq_name	chromosome_score	plasmid_score	virus_score
JAYINS010000001.1	0.9192	0.0753	0.0055
JAYINS010000002.1	0.9719	0.0257	0.0024
JAYINS010000003.1	0.9595	0.0375	0.0030
JAYINS010000004.1	0.9562	0.0405	0.0033
JAYINS010000005.1	0.9469	0.0495	0.0036
JAYINS010000006.1	0.9278	0.0675	0.0047
JAYINS010000007.1	0.9492	0.0475	0.0034
JAYINS010000008.1	0.9677	0.0298	0.0025
JAYINS010000009.1	0.9383	0.0575	0.0042
JAYINS010000010.1	0.9374	0.0569	0.0057
JAYINS010000011.1	0.9437	0.0517	0.0046
JAYINS010000012.1	0.9592	0.0377	0.0031
JAYINS010000013.1	0.9438	0.0519	0.0043
JAYINS010000014.1	0.9553	0.0412	0.0035
JAYINS010000015.1	0.9831	0.0153	0.0016
JAYINS010000016.1	0.9442	0.0517	0.0041
JAYINS010000017.1	0.9067	0.0871	0.0062
JAYINS010000018.1	0.9792	0.0188	0.0019
JAYINS010000019.1	0.9453	0.0508	0.0039
JAYINS010000020.1	0.9238	0.0709	0.0053
JAYINS010000021.1	0.9870	0.0114	0.0015
JAYINS010000022.1	0.9685	0.0291	0.0024
JAYINS010000023.1	0.9749	0.0230	0.0021
JAYINS010000024.1	0.9905	0.0084	0.0011
JAYINS010000025.1	0.1829	0.8127	0.0044
JAYINS010000026.1	0.9771	0.0212	0.0018
JAYINS010000027.1	0.9723	0.0248	0.0029
JAYINS010000028.1	0.9762	0.0213	0.0025
JAYINS010000029.1	0.9046	0.0901	0.0053
JAYINS010000030.1	0.0008	0.9990	0.0002
JAYINS010000031.1	0.9508	0.0459	0.0032
JAYINS010000032.1	0.9157	0.0783	0.0059
JAYINS010000033.1	0.9575	0.0396	0.0030
JAYINS010000034.1	0.9126	0.0822	0.0053
JAYINS010000035.1	0.9106	0.0842	0.0053
JAYINS010000036.1	0.8869	0.1078	0.0053
JAYINS010000037.1	0.9834	0.0147	0.0018
JAYINS010000038.1	0.9706	0.0273	0.0022
JAYINS010000039.1	0.5208	0.4714	0.0078
JAYINS010000040.1	0.9617	0.0354	0.0029
JAYINS010000041.1	0.9042	0.0895	0.0064
JAYINS010000042.1	0.9877	0.0109	0.0015
JAYINS010000043.1	0.9860	0.0128	0.0012
JAYINS010000044.1	0.0025	0.9972	0.0003
JAYINS010000045.1	0.0004	0.9995	0.0001
JAYINS010000046.1	0.9597	0.0367	0.0035
JAYINS010000047.1	0.8616	0.1329	0.0055
JAYINS010000048.1	0.8334	0.1614	0.0052
JAYINS010000049.1	0.9503	0.0459	0.0038
JAYINS010000050.1	0.9306	0.0638	0.0056
JAYINS010000051.1	0.0051	0.9945	0.0003
JAYINS010000052.1	0.9802	0.0180	0.0018
JAYINS010000053.1	0.2030	0.7856	0.0115
JAYINS010000054.1	0.9980	0.0015	0.0005
JAYINS010000055.1	0.0002	0.9998	0.0001
JAYINS010000056.1	0.2622	0.7311	0.0067
JAYINS010000057.1	0.0000	1.0000	0.0000
JAYINS010000058.1	0.0455	0.9477	0.0068
JAYINS010000059.1	0.0322	0.9635	0.0043
JAYINS010000060.1	0.9841	0.0149	0.0010
JAYINS010000061.1	0.0000	0.9998	0.0002
JAYINS010000062.1	0.9305	0.0533	0.0162
JAYINS010000063.1	0.4155	0.2824	0.3021
JAYINS010000064.1	0.0055	0.9926	0.0018
JAYINS010000065.1	0.1747	0.7246	0.1007
JAYINS010000066.1	0.9212	0.0779	0.0008
JAYINS010000067.1	0.0000	1.0000	0.0000
JAYINS010000068.1	0.3309	0.5734	0.0957
JAYINS010000069.1	0.4334	0.5425	0.0241
JAYINS010000070.1	0.0000	1.0000	0.0000
JAYINS010000071.1	0.0562	0.9149	0.0288
JAYINS010000072.1	0.0001	0.9998	0.0001
JAYINS010000073.1	0.2083	0.4729	0.3188
JAYINS010000074.1	0.0000	0.9999	0.0001
JAYINS010000075.1	0.0309	0.8984	0.0707
JAYINS010000076.1	0.0000	1.0000	0.0000
JAYINS010000077.1	0.0001	0.9998	0.0001
JAYINS010000078.1	0.0769	0.9012	0.0219
JAYINS010000079.1	0.8392	0.1335	0.0273
JAYINS010000080.1	0.0553	0.4416	0.5031
JAYINS010000081.1	0.9797	0.0179	0.0024
JAYINS010000082.1	0.0360	0.9462	0.0179
JAYINS010000083.1	0.0270	0.2114	0.7617
JAYINS010000084.1	0.0314	0.0712	0.8974
JAYINS010000085.1	0.9564	0.0351	0.0085
JAYINS010000086.1	0.9415	0.0393	0.0192
JAYINS010000087.1	0.3323	0.5382	0.1296
JAYINS010000088.1	0.0020	0.0060	0.9920
JAYINS010000089.1	0.2103	0.7068	0.0830
JAYINS010000090.1	0.0001	0.9999	0.0000
JAYINS010000091.1	0.6765	0.1425	0.1810
JAYINS010000092.1	0.9496	0.0385	0.0120
JAYINS010000093.1	0.4145	0.5381	0.0475
JAYINS010000094.1	0.7204	0.1548	0.1248
JAYINS010000095.1	0.6234	0.1720	0.2046
JAYINS010000096.1	0.8080	0.1750	0.0170
JAYINS010000097.1	0.0000	1.0000	0.0000
JAYINS010000098.1	0.2982	0.0513	0.6504
JAYINS010000099.1	0.4511	0.3701	0.1788
JAYINS010000100.1	0.2496	0.1711	0.5793
JAYINS010000101.1	0.0002	0.9998	0.0000
JAYINS010000102.1	0.2842	0.6151	0.1007
JAYINS010000103.1	0.0000	1.0000	0.0000
JAYINS010000104.1	0.2241	0.0677	0.7083
JAYINS010000105.1	0.8356	0.1566	0.0078
JAYINS010000106.1	0.5705	0.0748	0.3547
JAYINS010000107.1	0.2683	0.0884	0.6432
JAYINS010000108.1	0.5347	0.1166	0.3487
JAYINS010000109.1	0.3961	0.0888	0.5151
JAYINS010000110.1	0.3611	0.0515	0.5875
JAYINS010000111.1	0.7930	0.0616	0.1454
JAYINS010000112.1	0.1570	0.2077	0.6353
JAYINS010000113.1	0.4379	0.0521	0.5100
JAYINS010000114.1	0.5290	0.0439	0.4271
JAYINS010000115.1	0.0597	0.1161	0.8243
JAYINS010000116.1	0.3620	0.0655	0.5725
JAYINS010000117.1	0.1612	0.0558	0.7830
JAYINS010000118.1	0.7019	0.2822	0.0159
JAYINS010000119.1	0.6717	0.0659	0.2624
JAYINS010000120.1	0.5574	0.0744	0.3682
JAYINS010000121.1	0.2084	0.0529	0.7388
JAYINS010000122.1	0.7341	0.0511	0.2147
JAYINS010000123.1	0.5629	0.0541	0.3830
JAYINS010000124.1	0.2793	0.0586	0.6620
JAYINS010000125.1	0.1970	0.0359	0.7670
JAYINS010000126.1	0.2678	0.0484	0.6838
JAYINS010000127.1	0.0000	1.0000	0.0000
JAYINS010000128.1	0.2121	0.0381	0.7498
JAYINS010000129.1	0.4602	0.0810	0.4588
JAYINS010000130.1	0.4485	0.0435	0.5080
JAYINS010000131.1	0.7052	0.0442	0.2506
