seq_name	chromosome_score	plasmid_score	virus_score
JAUINZ010000001.1	0.9566	0.0402	0.0032
JAUINZ010000002.1	0.9383	0.0576	0.0042
JAUINZ010000003.1	0.9623	0.0347	0.0030
JAUINZ010000004.1	0.9751	0.0226	0.0024
JAUINZ010000005.1	0.9397	0.0563	0.0040
JAUINZ010000006.1	0.9452	0.0510	0.0039
JAUINZ010000007.1	0.9375	0.0584	0.0041
JAUINZ010000008.1	0.9484	0.0477	0.0038
JAUINZ010000009.1	0.9843	0.0141	0.0016
JAUINZ010000010.1	0.9865	0.0122	0.0013
JAUINZ010000011.1	0.9436	0.0520	0.0045
JAUINZ010000012.1	0.9679	0.0297	0.0024
JAUINZ010000013.1	0.9778	0.0201	0.0021
JAUINZ010000014.1	0.9643	0.0328	0.0030
JAUINZ010000015.1	0.9226	0.0728	0.0046
JAUINZ010000016.1	0.9268	0.0687	0.0045
JAUINZ010000017.1	0.9561	0.0408	0.0031
JAUINZ010000018.1	0.9726	0.0249	0.0025
JAUINZ010000019.1	0.9670	0.0304	0.0026
JAUINZ010000020.1	0.9586	0.0380	0.0033
JAUINZ010000021.1	0.9525	0.0438	0.0037
JAUINZ010000022.1	0.9521	0.0444	0.0035
JAUINZ010000023.1	0.9173	0.0773	0.0054
JAUINZ010000024.1	0.9734	0.0246	0.0020
JAUINZ010000025.1	0.9463	0.0501	0.0036
JAUINZ010000026.1	0.9349	0.0592	0.0059
JAUINZ010000027.1	0.9915	0.0074	0.0011
JAUINZ010000028.1	0.8584	0.1340	0.0076
JAUINZ010000029.1	0.9522	0.0444	0.0034
JAUINZ010000030.1	0.9373	0.0582	0.0045
JAUINZ010000031.1	0.8825	0.1114	0.0061
JAUINZ010000032.1	0.9559	0.0410	0.0031
JAUINZ010000033.1	0.9627	0.0347	0.0027
JAUINZ010000034.1	0.8770	0.1163	0.0067
JAUINZ010000035.1	0.9862	0.0122	0.0015
JAUINZ010000036.1	0.0006	0.9993	0.0001
JAUINZ010000037.1	0.9827	0.0157	0.0016
JAUINZ010000038.1	0.3822	0.6109	0.0069
JAUINZ010000039.1	0.8522	0.1424	0.0053
JAUINZ010000040.1	0.0840	0.9102	0.0058
JAUINZ010000041.1	0.6806	0.3095	0.0100
JAUINZ010000042.1	0.9393	0.0549	0.0059
JAUINZ010000043.1	0.9521	0.0441	0.0037
JAUINZ010000044.1	0.9586	0.0385	0.0028
JAUINZ010000045.1	0.9426	0.0536	0.0038
JAUINZ010000046.1	0.7334	0.2561	0.0105
JAUINZ010000047.1	0.9530	0.0425	0.0045
JAUINZ010000048.1	0.9700	0.0273	0.0027
JAUINZ010000049.1	0.6799	0.3134	0.0067
JAUINZ010000050.1	0.9572	0.0397	0.0031
JAUINZ010000051.1	0.9217	0.0742	0.0041
JAUINZ010000052.1	0.9185	0.0772	0.0043
JAUINZ010000053.1	0.8744	0.1120	0.0136
JAUINZ010000054.1	0.0024	0.9973	0.0004
JAUINZ010000055.1	0.9881	0.0109	0.0011
JAUINZ010000056.1	0.0000	0.9998	0.0001
JAUINZ010000057.1	0.9840	0.0147	0.0014
JAUINZ010000058.1	0.0456	0.9528	0.0016
JAUINZ010000059.1	0.7821	0.2111	0.0068
JAUINZ010000060.1	0.0012	0.0018	0.9970
JAUINZ010000061.1	0.0000	1.0000	0.0000
JAUINZ010000062.1	0.9602	0.0361	0.0037
JAUINZ010000063.1	0.4080	0.5848	0.0072
JAUINZ010000064.1	0.9860	0.0129	0.0011
JAUINZ010000065.1	0.9903	0.0083	0.0014
JAUINZ010000066.1	0.9958	0.0032	0.0010
JAUINZ010000067.1	0.9483	0.0422	0.0095
JAUINZ010000068.1	0.8781	0.1161	0.0058
JAUINZ010000069.1	0.6375	0.3540	0.0085
JAUINZ010000070.1	0.9113	0.0836	0.0051
JAUINZ010000071.1	0.8453	0.1487	0.0061
JAUINZ010000072.1	0.0000	1.0000	0.0000
JAUINZ010000073.1	0.9720	0.0265	0.0014
JAUINZ010000074.1	0.0436	0.9496	0.0068
JAUINZ010000075.1	0.0501	0.9355	0.0145
JAUINZ010000076.1	0.0000	0.9999	0.0001
JAUINZ010000077.1	0.4484	0.5227	0.0289
JAUINZ010000078.1	0.0192	0.9780	0.0027
JAUINZ010000079.1	0.9755	0.0231	0.0014
JAUINZ010000080.1	0.0000	0.9999	0.0001
JAUINZ010000081.1	0.1019	0.8447	0.0534
JAUINZ010000082.1	0.9328	0.0663	0.0009
JAUINZ010000083.1	0.0000	1.0000	0.0000
JAUINZ010000084.1	0.2849	0.6917	0.0233
JAUINZ010000085.1	0.0000	1.0000	0.0000
JAUINZ010000086.1	0.1838	0.7420	0.0743
JAUINZ010000087.1	0.9986	0.0012	0.0002
JAUINZ010000088.1	0.2719	0.1272	0.6009
JAUINZ010000089.1	0.0000	1.0000	0.0000
JAUINZ010000090.1	0.9441	0.0526	0.0033
JAUINZ010000091.1	0.9765	0.0225	0.0010
JAUINZ010000092.1	0.2982	0.6425	0.0593
JAUINZ010000093.1	0.0450	0.9539	0.0010
JAUINZ010000094.1	0.0006	0.9994	0.0000
JAUINZ010000095.1	0.7414	0.1238	0.1348
JAUINZ010000096.1	0.9859	0.0129	0.0011
JAUINZ010000097.1	0.8455	0.0957	0.0588
JAUINZ010000098.1	0.9343	0.0450	0.0208
JAUINZ010000099.1	0.5634	0.3265	0.1101
JAUINZ010000100.1	0.1764	0.7481	0.0755
JAUINZ010000101.1	0.5361	0.3903	0.0735
JAUINZ010000102.1	0.0563	0.9027	0.0411
JAUINZ010000103.1	0.4777	0.4187	0.1036
JAUINZ010000104.1	0.9372	0.0348	0.0280
JAUINZ010000105.1	0.7157	0.1045	0.1797
JAUINZ010000106.1	0.6013	0.2580	0.1407
JAUINZ010000107.1	0.6079	0.3793	0.0129
JAUINZ010000108.1	0.2160	0.6440	0.1400
JAUINZ010000109.1	0.0002	0.0008	0.9990
JAUINZ010000110.1	0.2222	0.2527	0.5250
JAUINZ010000111.1	0.8694	0.1065	0.0240
JAUINZ010000112.1	0.1116	0.4878	0.4006
JAUINZ010000113.1	0.0000	1.0000	0.0000
JAUINZ010000114.1	0.7062	0.1538	0.1400
JAUINZ010000115.1	0.8668	0.0460	0.0872
JAUINZ010000116.1	0.4700	0.1731	0.3569
JAUINZ010000117.1	0.0958	0.0300	0.8742
JAUINZ010000118.1	0.8901	0.0500	0.0600
JAUINZ010000119.1	0.7444	0.0531	0.2025
JAUINZ010000120.1	0.0001	0.9999	0.0000
