seq_name	chromosome_score	plasmid_score	virus_score
JAYIVZ010000001.1	0.4867	0.4894	0.0239
JAYIVZ010000002.1	0.3974	0.5788	0.0238
JAYIVZ010000003.1	0.4619	0.5074	0.0307
JAYIVZ010000004.1	0.4545	0.5310	0.0145
JAYIVZ010000005.1	0.4762	0.4941	0.0296
JAYIVZ010000006.1	0.4993	0.4694	0.0313
JAYIVZ010000007.1	0.4632	0.5180	0.0188
JAYIVZ010000008.1	0.4094	0.5521	0.0385
JAYIVZ010000009.1	0.5191	0.4364	0.0445
JAYIVZ010000010.1	0.4239	0.5550	0.0211
JAYIVZ010000011.1	0.4352	0.5511	0.0137
JAYIVZ010000012.1	0.4738	0.5004	0.0259
JAYIVZ010000013.1	0.4189	0.5634	0.0177
JAYIVZ010000014.1	0.4599	0.5173	0.0228
JAYIVZ010000015.1	0.4969	0.4830	0.0201
JAYIVZ010000016.1	0.5683	0.4069	0.0248
JAYIVZ010000017.1	0.4140	0.5593	0.0267
JAYIVZ010000018.1	0.3959	0.5744	0.0297
JAYIVZ010000019.1	0.3223	0.6277	0.0500
JAYIVZ010000020.1	0.6010	0.3883	0.0107
JAYIVZ010000021.1	0.4521	0.5298	0.0181
JAYIVZ010000022.1	0.4102	0.5454	0.0443
JAYIVZ010000023.1	0.4526	0.5304	0.0171
JAYIVZ010000024.1	0.5316	0.4582	0.0102
JAYIVZ010000025.1	0.5538	0.4400	0.0062
JAYIVZ010000026.1	0.3837	0.5317	0.0847
JAYIVZ010000027.1	0.6094	0.3114	0.0792
JAYIVZ010000028.1	0.5566	0.4222	0.0212
JAYIVZ010000029.1	0.3583	0.4915	0.1503
JAYIVZ010000030.1	0.3770	0.6171	0.0059
JAYIVZ010000031.1	0.5388	0.4418	0.0194
JAYIVZ010000032.1	0.4194	0.5620	0.0186
JAYIVZ010000033.1	0.3879	0.5912	0.0209
JAYIVZ010000034.1	0.4272	0.5386	0.0342
JAYIVZ010000035.1	0.4366	0.5321	0.0312
JAYIVZ010000036.1	0.3515	0.5957	0.0528
JAYIVZ010000037.1	0.3587	0.5713	0.0700
JAYIVZ010000038.1	0.4039	0.5611	0.0349
JAYIVZ010000039.1	0.6044	0.3886	0.0070
JAYIVZ010000040.1	0.4885	0.4860	0.0255
JAYIVZ010000041.1	0.3799	0.5359	0.0842
JAYIVZ010000042.1	0.3692	0.4810	0.1498
JAYIVZ010000043.1	0.4129	0.5675	0.0196
JAYIVZ010000044.1	0.5189	0.4591	0.0220
JAYIVZ010000045.1	0.2966	0.6614	0.0421
JAYIVZ010000046.1	0.5105	0.4736	0.0159
JAYIVZ010000047.1	0.5185	0.4758	0.0058
JAYIVZ010000048.1	0.4462	0.5291	0.0247
JAYIVZ010000049.1	0.5170	0.4675	0.0155
JAYIVZ010000050.1	0.3535	0.5482	0.0983
JAYIVZ010000051.1	0.4551	0.5409	0.0040
JAYIVZ010000052.1	0.4022	0.4154	0.1824
JAYIVZ010000053.1	0.3296	0.6310	0.0394
JAYIVZ010000054.1	0.3805	0.5158	0.1037
JAYIVZ010000055.1	0.3738	0.6095	0.0167
JAYIVZ010000056.1	0.3761	0.3548	0.2691
JAYIVZ010000057.1	0.2763	0.7076	0.0161
JAYIVZ010000058.1	0.1954	0.6971	0.1075
JAYIVZ010000059.1	0.3263	0.5875	0.0862
JAYIVZ010000060.1	0.6666	0.0761	0.2573
JAYIVZ010000061.1	0.4540	0.4817	0.0643
JAYIVZ010000062.1	0.3453	0.6401	0.0146
JAYIVZ010000063.1	0.1249	0.7928	0.0823
JAYIVZ010000064.1	0.4232	0.5684	0.0084
JAYIVZ010000065.1	0.3986	0.4972	0.1042
JAYIVZ010000066.1	0.5145	0.4386	0.0469
JAYIVZ010000067.1	0.3953	0.5723	0.0323
JAYIVZ010000068.1	0.7628	0.2308	0.0064
JAYIVZ010000069.1	0.3198	0.4320	0.2483
JAYIVZ010000070.1	0.5905	0.3896	0.0199
JAYIVZ010000071.1	0.1032	0.7542	0.1427
JAYIVZ010000072.1	0.3867	0.6096	0.0037
JAYIVZ010000073.1	0.2542	0.7055	0.0403
JAYIVZ010000074.1	0.2827	0.7043	0.0131
JAYIVZ010000075.1	0.1102	0.8648	0.0250
JAYIVZ010000076.1	0.1188	0.8714	0.0098
JAYIVZ010000077.1	0.0492	0.5129	0.4379
JAYIVZ010000078.1	0.0789	0.8232	0.0979
JAYIVZ010000079.1	0.4592	0.5008	0.0400
JAYIVZ010000080.1	0.0036	0.9418	0.0546
JAYIVZ010000081.1	0.1920	0.7787	0.0294
JAYIVZ010000082.1	0.1294	0.8380	0.0326
JAYIVZ010000083.1	0.6020	0.3147	0.0832
JAYIVZ010000084.1	0.5316	0.4313	0.0370
JAYIVZ010000085.1	0.0496	0.3187	0.6317
JAYIVZ010000086.1	0.8439	0.1208	0.0353
JAYIVZ010000087.1	0.2212	0.6499	0.1289
JAYIVZ010000088.1	0.7289	0.1673	0.1038
JAYIVZ010000089.1	0.5251	0.3325	0.1424
JAYIVZ010000090.1	0.4662	0.4196	0.1142
JAYIVZ010000091.1	0.4602	0.3536	0.1862
JAYIVZ010000092.1	0.2055	0.7357	0.0588
JAYIVZ010000093.1	0.1364	0.5982	0.2653
JAYIVZ010000094.1	0.3727	0.3287	0.2986
JAYIVZ010000095.1	0.4219	0.5159	0.0621
JAYIVZ010000096.1	0.4624	0.0975	0.4401
JAYIVZ010000097.1	0.6329	0.3370	0.0301
JAYIVZ010000098.1	0.0956	0.2953	0.6091
JAYIVZ010000099.1	0.3025	0.5432	0.1543
JAYIVZ010000100.1	0.2699	0.6644	0.0657
JAYIVZ010000101.1	0.2551	0.5264	0.2185
JAYIVZ010000102.1	0.7195	0.2572	0.0234
JAYIVZ010000103.1	0.2446	0.3142	0.4412
JAYIVZ010000104.1	0.5079	0.3842	0.1079
JAYIVZ010000105.1	0.0919	0.1294	0.7787
JAYIVZ010000106.1	0.2608	0.1982	0.5410
JAYIVZ010000107.1	0.4021	0.4321	0.1659
JAYIVZ010000108.1	0.4074	0.2848	0.3077
JAYIVZ010000109.1	0.4211	0.3883	0.1906
JAYIVZ010000110.1	0.6054	0.3018	0.0928
JAYIVZ010000111.1	0.3023	0.3545	0.3432
JAYIVZ010000112.1	0.1903	0.0918	0.7179
JAYIVZ010000113.1	0.4424	0.1495	0.4081
JAYIVZ010000114.1	0.6575	0.2028	0.1396
JAYIVZ010000115.1	0.2726	0.2456	0.4818
JAYIVZ010000116.1	0.3833	0.2523	0.3644
JAYIVZ010000117.1	0.5740	0.2286	0.1974
JAYIVZ010000118.1	0.0825	0.1192	0.7983
JAYIVZ010000119.1	0.1895	0.2476	0.5628
JAYIVZ010000120.1	0.6045	0.1809	0.2146
JAYIVZ010000121.1	0.0847	0.0928	0.8225
JAYIVZ010000122.1	0.5028	0.1140	0.3832
JAYIVZ010000123.1	0.5379	0.2930	0.1691
JAYIVZ010000124.1	0.6262	0.2369	0.1369
JAYIVZ010000125.1	0.1410	0.2124	0.6466
