seq_name	chromosome_score	plasmid_score	virus_score
JAUIPV010000001.1	0.4318	0.5231	0.0451
JAUIPV010000002.1	0.4612	0.5262	0.0126
JAUIPV010000003.1	0.4094	0.5492	0.0414
JAUIPV010000004.1	0.5435	0.4326	0.0239
JAUIPV010000005.1	0.4512	0.5207	0.0282
JAUIPV010000006.1	0.3398	0.6178	0.0424
JAUIPV010000007.1	0.4379	0.5315	0.0306
JAUIPV010000008.1	0.4331	0.5429	0.0241
JAUIPV010000009.1	0.4805	0.4836	0.0360
JAUIPV010000010.1	0.4799	0.5027	0.0174
JAUIPV010000011.1	0.4740	0.4765	0.0495
JAUIPV010000012.1	0.4894	0.4846	0.0260
JAUIPV010000013.1	0.3826	0.5846	0.0328
JAUIPV010000014.1	0.4369	0.5455	0.0175
JAUIPV010000015.1	0.4760	0.4992	0.0248
JAUIPV010000016.1	0.5013	0.4682	0.0306
JAUIPV010000017.1	0.4716	0.5065	0.0219
JAUIPV010000018.1	0.5662	0.3884	0.0453
JAUIPV010000019.1	0.4523	0.5274	0.0203
JAUIPV010000020.1	0.5103	0.4654	0.0243
JAUIPV010000021.1	0.4500	0.5358	0.0142
JAUIPV010000022.1	0.4892	0.4997	0.0111
JAUIPV010000023.1	0.4729	0.5186	0.0086
JAUIPV010000024.1	0.4727	0.4521	0.0752
JAUIPV010000025.1	0.4106	0.5644	0.0250
JAUIPV010000026.1	0.4551	0.5169	0.0280
JAUIPV010000027.1	0.5120	0.4616	0.0264
JAUIPV010000028.1	0.3435	0.5813	0.0751
JAUIPV010000029.1	0.3606	0.6118	0.0276
JAUIPV010000030.1	0.4136	0.5598	0.0266
JAUIPV010000031.1	0.3868	0.5844	0.0288
JAUIPV010000032.1	0.4401	0.5513	0.0086
JAUIPV010000033.1	0.4247	0.4808	0.0945
JAUIPV010000034.1	0.5498	0.4270	0.0232
JAUIPV010000035.1	0.2492	0.6475	0.1033
JAUIPV010000036.1	0.4199	0.5362	0.0439
JAUIPV010000037.1	0.4949	0.4774	0.0277
JAUIPV010000038.1	0.4575	0.5126	0.0299
JAUIPV010000039.1	0.5900	0.3950	0.0151
JAUIPV010000040.1	0.4824	0.5030	0.0146
JAUIPV010000041.1	0.5728	0.4035	0.0237
JAUIPV010000042.1	0.4375	0.5460	0.0165
JAUIPV010000043.1	0.4570	0.5137	0.0293
JAUIPV010000044.1	0.4017	0.5471	0.0512
JAUIPV010000045.1	0.3567	0.6254	0.0178
JAUIPV010000046.1	0.0058	0.7817	0.2124
JAUIPV010000047.1	0.3522	0.6332	0.0146
JAUIPV010000048.1	0.5521	0.4359	0.0120
JAUIPV010000049.1	0.4201	0.3959	0.1840
JAUIPV010000050.1	0.3891	0.6028	0.0081
JAUIPV010000051.1	0.3629	0.4494	0.1877
JAUIPV010000052.1	0.6257	0.3520	0.0224
JAUIPV010000053.1	0.4746	0.5144	0.0109
JAUIPV010000054.1	0.4063	0.5736	0.0202
JAUIPV010000055.1	0.7187	0.1489	0.1324
JAUIPV010000056.1	0.6603	0.2903	0.0494
JAUIPV010000057.1	0.4257	0.4766	0.0976
JAUIPV010000058.1	0.5144	0.4813	0.0042
JAUIPV010000059.1	0.2141	0.7817	0.0042
JAUIPV010000060.1	0.0045	0.6285	0.3670
JAUIPV010000061.1	0.6482	0.3309	0.0208
JAUIPV010000062.1	0.1272	0.6753	0.1975
JAUIPV010000063.1	0.1937	0.6714	0.1349
JAUIPV010000064.1	0.6452	0.3381	0.0166
JAUIPV010000065.1	0.3574	0.6383	0.0043
JAUIPV010000066.1	0.4299	0.5565	0.0135
JAUIPV010000067.1	0.5339	0.4252	0.0409
JAUIPV010000068.1	0.0558	0.8972	0.0470
JAUIPV010000069.1	0.5320	0.4631	0.0049
JAUIPV010000070.1	0.4001	0.5958	0.0040
JAUIPV010000071.1	0.0489	0.6821	0.2690
JAUIPV010000072.1	0.1415	0.8072	0.0514
JAUIPV010000073.1	0.1898	0.2620	0.5481
JAUIPV010000074.1	0.3131	0.6347	0.0522
JAUIPV010000075.1	0.0358	0.1741	0.7902
JAUIPV010000076.1	0.1107	0.8004	0.0889
JAUIPV010000077.1	0.5935	0.3594	0.0471
JAUIPV010000078.1	0.7469	0.1823	0.0708
JAUIPV010000079.1	0.0086	0.8915	0.0999
JAUIPV010000080.1	0.1088	0.2487	0.6425
JAUIPV010000081.1	0.0227	0.8974	0.0799
JAUIPV010000082.1	0.0284	0.9275	0.0441
JAUIPV010000083.1	0.0995	0.0608	0.8397
JAUIPV010000084.1	0.0169	0.8475	0.1356
JAUIPV010000085.1	0.4263	0.5299	0.0438
JAUIPV010000086.1	0.4370	0.5434	0.0196
JAUIPV010000087.1	0.2523	0.5327	0.2150
JAUIPV010000088.1	0.4070	0.3641	0.2288
JAUIPV010000089.1	0.0674	0.1017	0.8309
JAUIPV010000090.1	0.6080	0.3743	0.0177
JAUIPV010000091.1	0.6815	0.2338	0.0847
JAUIPV010000092.1	0.2158	0.5297	0.2545
JAUIPV010000093.1	0.5860	0.3115	0.1025
JAUIPV010000094.1	0.3021	0.4293	0.2687
JAUIPV010000095.1	0.1463	0.3945	0.4592
JAUIPV010000096.1	0.5224	0.3398	0.1378
JAUIPV010000097.1	0.4315	0.3142	0.2543
JAUIPV010000098.1	0.6673	0.1404	0.1923
JAUIPV010000099.1	0.5689	0.2925	0.1386
JAUIPV010000100.1	0.4765	0.2129	0.3106
JAUIPV010000101.1	0.2541	0.0998	0.6462
JAUIPV010000102.1	0.1860	0.0808	0.7333
JAUIPV010000103.1	0.3533	0.1118	0.5349
JAUIPV010000104.1	0.2201	0.1254	0.6545
