seq_name	chromosome_score	plasmid_score	virus_score
JAUIOC010000001.1	0.4802	0.5093	0.0105
JAUIOC010000002.1	0.4789	0.5065	0.0146
JAUIOC010000003.1	0.4779	0.5056	0.0165
JAUIOC010000004.1	0.4839	0.5004	0.0156
JAUIOC010000005.1	0.4939	0.4944	0.0116
JAUIOC010000006.1	0.4137	0.5716	0.0147
JAUIOC010000007.1	0.4962	0.4904	0.0134
JAUIOC010000008.1	0.5109	0.4356	0.0535
JAUIOC010000009.1	0.3982	0.5852	0.0165
JAUIOC010000010.1	0.4110	0.5443	0.0446
JAUIOC010000011.1	0.4339	0.5282	0.0379
JAUIOC010000012.1	0.5107	0.4450	0.0444
JAUIOC010000013.1	0.3690	0.6010	0.0299
JAUIOC010000014.1	0.3793	0.5804	0.0403
JAUIOC010000015.1	0.5547	0.4315	0.0138
JAUIOC010000016.1	0.4060	0.5151	0.0789
JAUIOC010000017.1	0.4373	0.5508	0.0119
JAUIOC010000018.1	0.4961	0.4717	0.0322
JAUIOC010000019.1	0.4784	0.5036	0.0181
JAUIOC010000020.1	0.4556	0.4920	0.0524
JAUIOC010000021.1	0.4609	0.5321	0.0070
JAUIOC010000022.1	0.4905	0.4964	0.0132
JAUIOC010000023.1	0.4675	0.5019	0.0306
JAUIOC010000024.1	0.4466	0.5328	0.0207
JAUIOC010000025.1	0.3559	0.5957	0.0484
JAUIOC010000026.1	0.4344	0.5433	0.0223
JAUIOC010000027.1	0.3854	0.5574	0.0572
JAUIOC010000028.1	0.5361	0.4309	0.0331
JAUIOC010000029.1	0.5667	0.4171	0.0162
JAUIOC010000030.1	0.2680	0.5884	0.1435
JAUIOC010000031.1	0.2457	0.6935	0.0608
JAUIOC010000032.1	0.5643	0.3429	0.0929
JAUIOC010000033.1	0.3587	0.6033	0.0380
JAUIOC010000034.1	0.5015	0.4700	0.0285
JAUIOC010000035.1	0.4259	0.5369	0.0373
JAUIOC010000036.1	0.4710	0.4756	0.0534
JAUIOC010000037.1	0.4716	0.5030	0.0254
JAUIOC010000038.1	0.3202	0.6640	0.0158
JAUIOC010000039.1	0.4796	0.5158	0.0046
JAUIOC010000040.1	0.4701	0.4872	0.0427
JAUIOC010000041.1	0.3706	0.5227	0.1067
JAUIOC010000042.1	0.5191	0.4064	0.0745
JAUIOC010000043.1	0.5259	0.4474	0.0267
JAUIOC010000044.1	0.4152	0.5759	0.0089
JAUIOC010000045.1	0.4944	0.4163	0.0894
JAUIOC010000046.1	0.4393	0.4475	0.1132
JAUIOC010000047.1	0.4676	0.5143	0.0180
JAUIOC010000048.1	0.3998	0.5981	0.0021
JAUIOC010000049.1	0.3349	0.6320	0.0331
JAUIOC010000050.1	0.5659	0.4215	0.0126
JAUIOC010000051.1	0.4985	0.4797	0.0217
JAUIOC010000052.1	0.5657	0.4067	0.0276
JAUIOC010000053.1	0.2731	0.7152	0.0116
JAUIOC010000054.1	0.4298	0.5607	0.0095
JAUIOC010000055.1	0.4325	0.5431	0.0245
JAUIOC010000056.1	0.5262	0.3726	0.1012
JAUIOC010000057.1	0.5265	0.4531	0.0204
JAUIOC010000058.1	0.5084	0.4763	0.0153
JAUIOC010000059.1	0.4440	0.5262	0.0298
JAUIOC010000060.1	0.4480	0.5239	0.0281
JAUIOC010000061.1	0.5162	0.3886	0.0952
JAUIOC010000062.1	0.6866	0.1509	0.1625
JAUIOC010000063.1	0.0939	0.8391	0.0670
JAUIOC010000064.1	0.5254	0.4662	0.0084
JAUIOC010000065.1	0.5598	0.4334	0.0068
JAUIOC010000066.1	0.4720	0.5244	0.0037
JAUIOC010000067.1	0.3153	0.6836	0.0011
JAUIOC010000068.1	0.4834	0.4661	0.0505
JAUIOC010000069.1	0.2353	0.6369	0.1278
JAUIOC010000070.1	0.3576	0.5960	0.0464
JAUIOC010000071.1	0.0414	0.8451	0.1135
JAUIOC010000072.1	0.2459	0.6532	0.1009
JAUIOC010000073.1	0.1518	0.8347	0.0134
JAUIOC010000074.1	0.0634	0.6976	0.2390
JAUIOC010000075.1	0.2061	0.7884	0.0055
JAUIOC010000076.1	0.1605	0.8135	0.0260
JAUIOC010000077.1	0.0704	0.8960	0.0336
JAUIOC010000078.1	0.8285	0.1619	0.0097
JAUIOC010000079.1	0.0923	0.8247	0.0830
JAUIOC010000080.1	0.0888	0.8520	0.0592
JAUIOC010000081.1	0.0004	0.9632	0.0364
JAUIOC010000082.1	0.2488	0.6820	0.0692
JAUIOC010000083.1	0.0030	0.9876	0.0095
JAUIOC010000084.1	0.3378	0.3418	0.3203
JAUIOC010000085.1	0.7220	0.1828	0.0952
JAUIOC010000086.1	0.5751	0.2465	0.1784
JAUIOC010000087.1	0.6315	0.2879	0.0806
JAUIOC010000088.1	0.6702	0.3167	0.0131
JAUIOC010000089.1	0.1954	0.5077	0.2969
JAUIOC010000090.1	0.2011	0.4870	0.3119
JAUIOC010000091.1	0.4319	0.2331	0.3350
JAUIOC010000092.1	0.3225	0.5113	0.1663
JAUIOC010000093.1	0.2849	0.5758	0.1394
JAUIOC010000094.1	0.1454	0.3942	0.4604
JAUIOC010000095.1	0.1898	0.5822	0.2280
JAUIOC010000096.1	0.0751	0.0756	0.8493
JAUIOC010000097.1	0.3013	0.4280	0.2707
JAUIOC010000098.1	0.5515	0.3361	0.1124
JAUIOC010000099.1	0.6042	0.3792	0.0166
JAUIOC010000100.1	0.5456	0.3063	0.1481
JAUIOC010000101.1	0.0458	0.9323	0.0219
JAUIOC010000102.1	0.1331	0.2919	0.5750
JAUIOC010000103.1	0.2993	0.4553	0.2455
JAUIOC010000104.1	0.3413	0.4510	0.2076
JAUIOC010000105.1	0.6007	0.2642	0.1352
JAUIOC010000106.1	0.3185	0.6019	0.0796
JAUIOC010000107.1	0.0336	0.8114	0.1550
JAUIOC010000108.1	0.4931	0.3535	0.1533
JAUIOC010000109.1	0.6624	0.2056	0.1320
JAUIOC010000110.1	0.1383	0.5944	0.2674
JAUIOC010000111.1	0.4372	0.2589	0.3039
JAUIOC010000112.1	0.0425	0.0620	0.8955
JAUIOC010000113.1	0.6512	0.2609	0.0879
JAUIOC010000114.1	0.3422	0.4956	0.1622
JAUIOC010000115.1	0.1767	0.5532	0.2701
JAUIOC010000116.1	0.2930	0.4114	0.2956
JAUIOC010000117.1	0.1852	0.0921	0.7228
JAUIOC010000118.1	0.5841	0.2548	0.1611
JAUIOC010000119.1	0.5931	0.2020	0.2050
JAUIOC010000120.1	0.2281	0.4127	0.3591
JAUIOC010000121.1	0.6294	0.3093	0.0613
JAUIOC010000122.1	0.7461	0.1901	0.0638
JAUIOC010000123.1	0.1928	0.4362	0.3710
JAUIOC010000124.1	0.2212	0.5307	0.2481
JAUIOC010000125.1	0.5889	0.1878	0.2232
JAUIOC010000126.1	0.5875	0.3200	0.0925
JAUIOC010000127.1	0.7377	0.2155	0.0468
JAUIOC010000128.1	0.7672	0.1748	0.0579
JAUIOC010000129.1	0.5446	0.3988	0.0565
JAUIOC010000130.1	0.3385	0.2520	0.4095
JAUIOC010000131.1	0.1903	0.0918	0.7179
JAUIOC010000132.1	0.6059	0.1470	0.2470
JAUIOC010000133.1	0.7458	0.1949	0.0593
JAUIOC010000134.1	0.6803	0.2564	0.0634
JAUIOC010000135.1	0.5385	0.3341	0.1274
JAUIOC010000136.1	0.4453	0.3138	0.2409
JAUIOC010000137.1	0.7080	0.1587	0.1333
JAUIOC010000138.1	0.7481	0.1827	0.0692
JAUIOC010000139.1	0.4517	0.2777	0.2706
JAUIOC010000140.1	0.7333	0.1228	0.1439
JAUIOC010000141.1	0.7572	0.1836	0.0592
JAUIOC010000142.1	0.7740	0.1300	0.0961
JAUIOC010000143.1	0.6984	0.1613	0.1403
JAUIOC010000144.1	0.7111	0.1365	0.1524
JAUIOC010000145.1	0.5376	0.3271	0.1353
JAUIOC010000146.1	0.1675	0.0909	0.7416
JAUIOC010000147.1	0.2806	0.3285	0.3908
JAUIOC010000148.1	0.2495	0.2580	0.4925
JAUIOC010000149.1	0.6737	0.1936	0.1326
JAUIOC010000150.1	0.3941	0.2400	0.3659
JAUIOC010000151.1	0.5206	0.3223	0.1571
JAUIOC010000152.1	0.2534	0.0672	0.6794
JAUIOC010000153.1	0.5052	0.3413	0.1535
JAUIOC010000154.1	0.2575	0.4611	0.2813
JAUIOC010000155.1	0.5527	0.2137	0.2336
JAUIOC010000156.1	0.7032	0.2101	0.0867
JAUIOC010000157.1	0.4858	0.2204	0.2938
JAUIOC010000158.1	0.6518	0.1637	0.1844
JAUIOC010000159.1	0.6143	0.2297	0.1560
JAUIOC010000160.1	0.3764	0.5132	0.1104
JAUIOC010000161.1	0.6572	0.2559	0.0869
JAUIOC010000162.1	0.5199	0.1505	0.3296
JAUIOC010000163.1	0.6566	0.2649	0.0785
JAUIOC010000164.1	0.4185	0.3400	0.2415
JAUIOC010000165.1	0.1251	0.3132	0.5617
JAUIOC010000166.1	0.6851	0.2537	0.0612
JAUIOC010000167.1	0.3891	0.2228	0.3881
JAUIOC010000168.1	0.6357	0.2493	0.1150
JAUIOC010000169.1	0.4706	0.2005	0.3288
JAUIOC010000170.1	0.3952	0.1305	0.4743
JAUIOC010000171.1	0.7174	0.2436	0.0390
JAUIOC010000172.1	0.7725	0.1516	0.0759
JAUIOC010000173.1	0.5188	0.2090	0.2722
JAUIOC010000174.1	0.4692	0.2672	0.2636
JAUIOC010000175.1	0.5765	0.1727	0.2507
JAUIOC010000176.1	0.6635	0.2378	0.0987
JAUIOC010000177.1	0.5163	0.2228	0.2608
JAUIOC010000178.1	0.3875	0.3832	0.2293
JAUIOC010000179.1	0.3510	0.3412	0.3078
JAUIOC010000180.1	0.3928	0.2444	0.3628
JAUIOC010000181.1	0.5469	0.2828	0.1703
JAUIOC010000182.1	0.5916	0.3007	0.1077
JAUIOC010000183.1	0.6934	0.1627	0.1438
JAUIOC010000184.1	0.4549	0.2201	0.3250
JAUIOC010000185.1	0.6756	0.1928	0.1317
JAUIOC010000186.1	0.4090	0.1440	0.4470
JAUIOC010000187.1	0.5303	0.2558	0.2138
JAUIOC010000188.1	0.5171	0.1891	0.2938
JAUIOC010000189.1	0.4870	0.0655	0.4475
JAUIOC010000190.1	0.6852	0.1897	0.1251
JAUIOC010000191.1	0.5164	0.2932	0.1903
JAUIOC010000192.1	0.5685	0.2650	0.1665
JAUIOC010000193.1	0.7118	0.1298	0.1584
JAUIOC010000194.1	0.5674	0.1217	0.3109
JAUIOC010000195.1	0.5638	0.1483	0.2879
JAUIOC010000196.1	0.3660	0.0932	0.5408
JAUIOC010000197.1	0.6235	0.2209	0.1556
JAUIOC010000198.1	0.4848	0.2846	0.2306
JAUIOC010000199.1	0.2589	0.1584	0.5827
JAUIOC010000200.1	0.4779	0.1298	0.3923
JAUIOC010000201.1	0.6199	0.1701	0.2100
JAUIOC010000202.1	0.5364	0.2349	0.2287
JAUIOC010000203.1	0.7236	0.1745	0.1019
JAUIOC010000204.1	0.4317	0.2206	0.3476
JAUIOC010000205.1	0.4343	0.2085	0.3573
JAUIOC010000206.1	0.6757	0.1236	0.2008
JAUIOC010000207.1	0.6097	0.1806	0.2097
JAUIOC010000208.1	0.3517	0.1676	0.4807
JAUIOC010000209.1	0.6978	0.1668	0.1354
JAUIOC010000210.1	0.5632	0.2804	0.1565
JAUIOC010000211.1	0.5705	0.1611	0.2684
