seq_name	chromosome_score	plasmid_score	virus_score
JAYIVA010000001.1	0.4644	0.4980	0.0376
JAYIVA010000002.1	0.4410	0.5396	0.0194
JAYIVA010000003.1	0.5041	0.4812	0.0147
JAYIVA010000004.1	0.4307	0.5472	0.0222
JAYIVA010000005.1	0.3944	0.5709	0.0347
JAYIVA010000006.1	0.4738	0.4778	0.0484
JAYIVA010000007.1	0.5041	0.4829	0.0130
JAYIVA010000008.1	0.4226	0.5687	0.0087
JAYIVA010000009.1	0.4483	0.5301	0.0217
JAYIVA010000010.1	0.4852	0.4971	0.0177
JAYIVA010000011.1	0.4768	0.4726	0.0506
JAYIVA010000012.1	0.5030	0.4798	0.0172
JAYIVA010000013.1	0.4320	0.5312	0.0368
JAYIVA010000014.1	0.5562	0.4212	0.0226
JAYIVA010000015.1	0.4398	0.5469	0.0133
JAYIVA010000016.1	0.3244	0.6276	0.0480
JAYIVA010000017.1	0.4433	0.5131	0.0436
JAYIVA010000018.1	0.3944	0.5899	0.0157
JAYIVA010000019.1	0.3982	0.5728	0.0290
JAYIVA010000020.1	0.4531	0.5209	0.0259
JAYIVA010000021.1	0.4845	0.4997	0.0158
JAYIVA010000022.1	0.4766	0.4318	0.0915
JAYIVA010000023.1	0.4128	0.5710	0.0162
JAYIVA010000024.1	0.4276	0.5416	0.0308
JAYIVA010000025.1	0.3495	0.6072	0.0434
JAYIVA010000026.1	0.6072	0.3811	0.0117
JAYIVA010000027.1	0.5176	0.4482	0.0342
JAYIVA010000028.1	0.6262	0.3609	0.0129
JAYIVA010000029.1	0.6508	0.3381	0.0112
JAYIVA010000030.1	0.3908	0.5860	0.0231
JAYIVA010000031.1	0.3152	0.6401	0.0447
JAYIVA010000032.1	0.4528	0.5256	0.0217
JAYIVA010000033.1	0.4161	0.5146	0.0693
JAYIVA010000034.1	0.4606	0.4857	0.0537
JAYIVA010000035.1	0.4281	0.5057	0.0662
JAYIVA010000036.1	0.5525	0.4376	0.0099
JAYIVA010000037.1	0.5258	0.4632	0.0110
JAYIVA010000038.1	0.4646	0.5235	0.0119
JAYIVA010000039.1	0.3502	0.6184	0.0314
JAYIVA010000040.1	0.0048	0.7929	0.2022
JAYIVA010000041.1	0.2706	0.6408	0.0887
JAYIVA010000042.1	0.5547	0.4387	0.0066
JAYIVA010000043.1	0.4194	0.5222	0.0583
JAYIVA010000044.1	0.4225	0.5472	0.0303
JAYIVA010000045.1	0.4352	0.5494	0.0154
JAYIVA010000046.1	0.3163	0.6673	0.0163
JAYIVA010000047.1	0.4714	0.5013	0.0273
JAYIVA010000048.1	0.5741	0.4068	0.0191
JAYIVA010000049.1	0.4431	0.5487	0.0082
JAYIVA010000050.1	0.3796	0.6105	0.0099
JAYIVA010000051.1	0.3572	0.5802	0.0626
JAYIVA010000052.1	0.3973	0.5954	0.0073
JAYIVA010000053.1	0.2104	0.7390	0.0506
JAYIVA010000054.1	0.5834	0.3855	0.0311
JAYIVA010000055.1	0.4018	0.5033	0.0949
JAYIVA010000056.1	0.6719	0.3099	0.0181
JAYIVA010000057.1	0.5268	0.4642	0.0090
JAYIVA010000058.1	0.0867	0.7831	0.1302
JAYIVA010000059.1	0.4542	0.4944	0.0514
JAYIVA010000060.1	0.5553	0.4008	0.0439
JAYIVA010000061.1	0.4230	0.5618	0.0152
JAYIVA010000062.1	0.6795	0.3183	0.0022
JAYIVA010000063.1	0.2654	0.6899	0.0447
JAYIVA010000064.1	0.0072	0.9170	0.0758
JAYIVA010000065.1	0.6272	0.3435	0.0293
JAYIVA010000066.1	0.4257	0.5463	0.0280
JAYIVA010000067.1	0.5200	0.4521	0.0279
JAYIVA010000068.1	0.2098	0.7523	0.0379
JAYIVA010000069.1	0.5534	0.4401	0.0065
JAYIVA010000070.1	0.0664	0.4648	0.4687
JAYIVA010000071.1	0.3224	0.6609	0.0167
JAYIVA010000072.1	0.0012	0.9063	0.0925
JAYIVA010000073.1	0.0484	0.4808	0.4708
JAYIVA010000074.1	0.8215	0.1187	0.0598
JAYIVA010000075.1	0.2735	0.6831	0.0433
JAYIVA010000076.1	0.4279	0.5403	0.0318
JAYIVA010000077.1	0.0294	0.3591	0.6116
JAYIVA010000078.1	0.0845	0.6041	0.3114
JAYIVA010000079.1	0.8438	0.1526	0.0036
JAYIVA010000080.1	0.1140	0.7998	0.0862
JAYIVA010000081.1	0.0592	0.9207	0.0201
JAYIVA010000082.1	0.0388	0.8208	0.1404
JAYIVA010000083.1	0.0289	0.8438	0.1272
JAYIVA010000084.1	0.2825	0.6191	0.0984
JAYIVA010000085.1	0.5740	0.3913	0.0347
JAYIVA010000086.1	0.1665	0.7478	0.0857
JAYIVA010000087.1	0.0569	0.8885	0.0546
JAYIVA010000088.1	0.1301	0.3664	0.5034
JAYIVA010000089.1	0.0215	0.8839	0.0946
JAYIVA010000090.1	0.0617	0.4392	0.4991
JAYIVA010000091.1	0.3568	0.5056	0.1377
JAYIVA010000092.1	0.0349	0.8624	0.1027
JAYIVA010000093.1	0.6151	0.3581	0.0268
JAYIVA010000094.1	0.4635	0.4861	0.0505
JAYIVA010000095.1	0.3079	0.4991	0.1930
JAYIVA010000096.1	0.1077	0.1355	0.7568
JAYIVA010000097.1	0.6247	0.2241	0.1512
JAYIVA010000098.1	0.4927	0.1935	0.3138
JAYIVA010000099.1	0.6452	0.2507	0.1041
JAYIVA010000100.1	0.1849	0.5180	0.2970
JAYIVA010000101.1	0.6939	0.1999	0.1062
JAYIVA010000102.1	0.5014	0.3530	0.1456
JAYIVA010000103.1	0.7150	0.2162	0.0688
JAYIVA010000104.1	0.5637	0.1358	0.3005
JAYIVA010000105.1	0.1085	0.6770	0.2145
JAYIVA010000106.1	0.0347	0.7382	0.2271
JAYIVA010000107.1	0.1425	0.1831	0.6744
JAYIVA010000108.1	0.3539	0.1844	0.4617
JAYIVA010000109.1	0.5330	0.2422	0.2248
JAYIVA010000110.1	0.5825	0.2240	0.1935
JAYIVA010000111.1	0.1973	0.2009	0.6019
JAYIVA010000112.1	0.2903	0.1604	0.5493
JAYIVA010000113.1	0.6752	0.2152	0.1096
JAYIVA010000114.1	0.8300	0.0964	0.0735
JAYIVA010000115.1	0.3113	0.0629	0.6258
JAYIVA010000116.1	0.2906	0.1729	0.5365
